<?xml version="1.0" encoding="utf-8"?>
<Nomad3DXML state="exported">
	<RootComponent name="SCI-11-06-16-ILL-CHANGEUR" fileName="SCI-11-06-16-ILL-CHANGEUR">
		<ConfigParams configuration="Défaut" visible="True" fixed="True">
			<AxisValue>0</AxisValue>
			<Transform>
				<Rotation>1 0 0 0 1 0 0 0 1</Rotation>
				<Translation>0 0 0</Translation>
				<Scale>1</Scale>
			</Transform>
			<BoundingBox>
				<Min>-205.54879458814 -13.367261889578 -225.790982882341</Min>
				<Max>206.52308037773 316.07440692746 199.380948571264</Max>
			</BoundingBox>
			<MateGroup>
				<Mate name="Coaxiale1" type="Concentric" alignment="Aligned" min="0" max="0" flipped="False">
					<Entity type="Cylinder">
						<ComponentPath>SCI-11-06-16-ILL-CHANGEUR/SCI-BG206-DURCI_SANS PT 0-1/SCI-BG206_00_02-A-1</ComponentPath>
						<Position>70.4846101247671 244.980869428177 -44.9195775071478</Position>
						<Axis>0.00176827008818044 0.999961414181078 -0.00860484572050634</Axis>
						<Radius>0.0021 0</Radius>
					</Entity>
					<Entity type="Cylinder">
						<ComponentPath>SCI-11-06-16-ILL-CHANGEUR/SCI-Platine gonio-1</ComponentPath>
						<Position>70.5040610957491 255.980444984169 -45.0142308100709</Position>
						<Axis>0.00176827008818041 0.999961414181078 -0.00860484572050624</Axis>
						<Radius>0.00275000000000001 0</Radius>
					</Entity>
				</Mate>
				<Mate name="Coaxiale2" type="Concentric" alignment="Aligned" min="0" max="0" flipped="False">
					<Entity type="Cylinder">
						<ComponentPath>SCI-11-06-16-ILL-CHANGEUR/SCI-BG206-DURCI_SANS PT 0-1/SCI-BG206_00_02-A-1</ComponentPath>
						<Position>-47.0591731435342 244.980869428177 -69.0744738011658</Position>
						<Axis>0.00176827008818044 0.999961414181078 -0.00860484572050634</Axis>
						<Radius>0.0021 0</Radius>
					</Entity>
					<Entity type="Cylinder">
						<ComponentPath>SCI-11-06-16-ILL-CHANGEUR/SCI-Platine gonio-1</ComponentPath>
						<Position>-47.0397221725642 255.980444984169 -69.1691271040914</Position>
						<Axis>0.00176827008818041 0.999961414181078 -0.00860484572050624</Axis>
						<Radius>0.00275000000000001 0</Radius>
					</Entity>
				</Mate>
				<Mate name="Coïncidente1" type="Coincident" alignment="AntiAligned" min="0" max="0" flipped="False">
					<Entity type="Plane">
						<ComponentPath>SCI-11-06-16-ILL-CHANGEUR/SCI-BG206-DURCI_SANS PT 0-1/SCI-BG206_00_02-A-1</ComponentPath>
						<Position>174.069555752899 248.582577640024 394.918104754358</Position>
						<Axis>0.00176827008818044 0.999961414181078 -0.00860484572050634</Axis>
						<Radius>0 0</Radius>
					</Entity>
					<Entity type="Plane">
						<ComponentPath>SCI-11-06-16-ILL-CHANGEUR/SCI-Platine gonio-1</ComponentPath>
						<Position>-77.3994885413797 246.540145544282 105.892762902044</Position>
						<Axis>-0.00176827008818041 -0.999961414181078 0.00860484572050624</Axis>
						<Radius>0 0</Radius>
					</Entity>
				</Mate>
				<Mate name="Coaxiale3" type="Concentric" alignment="AntiAligned" min="0" max="0" flipped="False">
					<Entity type="Cylinder">
						<ComponentPath>SCI-11-06-16-ILL-CHANGEUR/SCI-RT120_00_00-A_DURCI-1/SCI-RT120_00_06-A-1</ComponentPath>
						<Position>-18.8793187055056 248.003708044522 91.8714996397255</Position>
						<Axis>-0.00176827008818042 -0.999961414181078 0.00860484572050623</Axis>
						<Radius>0.0225 0</Radius>
					</Entity>
					<Entity type="Cylinder">
						<ComponentPath>SCI-11-06-16-ILL-CHANGEUR/SCI-Platine gonio-1</ComponentPath>
						<Position>-18.8628519313256 257.315712418805 91.7913681867984</Position>
						<Axis>0.00176827008818041 0.999961414181078 -0.00860484572050624</Axis>
						<Radius>0.00999999999999998 0</Radius>
					</Entity>
				</Mate>
				<Mate name="Coïncidente2" type="Coincident" alignment="AntiAligned" min="0" max="0" flipped="False">
					<Entity type="Plane">
						<ComponentPath>SCI-11-06-16-ILL-CHANGEUR/SCI-RT120_00_00-A_DURCI-1/SCI-RT120_00_06-A-1</ComponentPath>
						<Position>-23.3917202296188 257.513367137748 113.829977139017</Position>
						<Axis>-0.00176827008818042 -0.999961414181078 0.00860484572050623</Axis>
						<Radius>0 0</Radius>
					</Entity>
					<Entity type="Plane">
						<ComponentPath>SCI-11-06-16-ILL-CHANGEUR/SCI-Platine gonio-1</ComponentPath>
						<Position>-36.6202228857908 255.760828629789 -92.5493709708501</Position>
						<Axis>0.00176827008818041 0.999961414181078 -0.00860484572050624</Axis>
						<Radius>0 0</Radius>
					</Entity>
				</Mate>
				<Mate name="Parallèle1" type="Parallel" alignment="Aligned" min="0" max="0" flipped="False">
					<Entity type="Plane">
						<ComponentPath>SCI-11-06-16-ILL-CHANGEUR/SCI-RT120_00_00-A_DURCI-1/SCI-RT120_00_04-A-1</ComponentPath>
						<Position>-63.8567848973325 308.016376482378 12.6669177320676</Position>
						<Axis>-0.979531527235838 3.31988661414488E-16 -0.201290802450155</Axis>
						<Radius>0 0</Radius>
					</Entity>
					<Entity type="Plane">
						<ComponentPath>SCI-11-06-16-ILL-CHANGEUR/SCI-BG206-DURCI_SANS PT 0-1/SCI-BG206_00_03-A-1</ComponentPath>
						<Position>-71.0160357245983 136.499999999998 -14.5935831776362</Position>
						<Axis>-0.979531527235838 2.43071842352693E-16 -0.201290802450155</Axis>
						<Radius>0 0</Radius>
					</Entity>
				</Mate>
				<Mate name="Coïncidente3" type="Coincident" alignment="Aligned" min="0" max="0" flipped="False">
					<Entity type="Plane">
						<ComponentPath>SCI-11-06-16-ILL-CHANGEUR/SCI-RT200_DURCI_SANS PT 0-1</ComponentPath>
						<Position>0 0 0</Position>
						<Axis>0 0 1</Axis>
						<Radius>0 0</Radius>
					</Entity>
					<Entity type="Plane">
						<ComponentPath>SCI-11-06-16-ILL-CHANGEUR</ComponentPath>
						<Position>0 0 0</Position>
						<Axis>0 0 1</Axis>
						<Radius>0 0</Radius>
					</Entity>
				</Mate>
				<Mate name="Coïncidente4" type="Coincident" alignment="Aligned" min="0" max="0" flipped="False">
					<Entity type="Plane">
						<ComponentPath>SCI-11-06-16-ILL-CHANGEUR/SCI-RT200_DURCI_SANS PT 0-1</ComponentPath>
						<Position>0 0 0</Position>
						<Axis>0 1 0</Axis>
						<Radius>0 0</Radius>
					</Entity>
					<Entity type="Plane">
						<ComponentPath>SCI-11-06-16-ILL-CHANGEUR</ComponentPath>
						<Position>0 0 0</Position>
						<Axis>0 1 0</Axis>
						<Radius>0 0</Radius>
					</Entity>
				</Mate>
				<Mate name="Coïncidente5" type="Coincident" alignment="Aligned" min="0" max="0" flipped="False">
					<Entity type="Plane">
						<ComponentPath>SCI-11-06-16-ILL-CHANGEUR/SCI-RT200_DURCI_SANS PT 0-1</ComponentPath>
						<Position>0 0 0</Position>
						<Axis>1 0 0</Axis>
						<Radius>0 0</Radius>
					</Entity>
					<Entity type="Plane">
						<ComponentPath>SCI-11-06-16-ILL-CHANGEUR</ComponentPath>
						<Position>0 0 0</Position>
						<Axis>1 0 0</Axis>
						<Radius>0 0</Radius>
					</Entity>
				</Mate>
				<Mate name="Coïncidente6" type="Coincident" alignment="AntiAligned" min="0" max="0" flipped="False">
					<Entity type="Plane">
						<ComponentPath>SCI-11-06-16-ILL-CHANGEUR/SCI-INTERFACE_TT-TT-1</ComponentPath>
						<Position>-66.150461606783 79.4999999999999 -100.369898023309</Position>
						<Axis>4.42997342366244E-16 -1 -1.747064625185E-16</Axis>
						<Radius>0 0</Radius>
					</Entity>
					<Entity type="Plane">
						<ComponentPath>SCI-11-06-16-ILL-CHANGEUR/SCI-RT200_DURCI_SANS PT 0-1/SCI-RT200_00_02-A-1</ComponentPath>
						<Position>-69.2446234032104 79.5 71.452306678984</Position>
						<Axis>0 1 0</Axis>
						<Radius>0 0</Radius>
					</Entity>
				</Mate>
				<Mate name="Coaxiale4" type="Concentric" alignment="Aligned" min="0" max="0" flipped="False">
					<Entity type="Cylinder">
						<ComponentPath>SCI-11-06-16-ILL-CHANGEUR/SCI-INTERFACE_TT-TT-1</ComponentPath>
						<Position>-1.09351781542986E-14 89.4999999999999 -8.00799583622283E-15</Position>
						<Axis>4.42997342366244E-16 -1 -1.747064625185E-16</Axis>
						<Radius>0.01 0</Radius>
					</Entity>
					<Entity type="Cylinder">
						<ComponentPath>SCI-11-06-16-ILL-CHANGEUR/SCI-RT200_DURCI_SANS PT 0-1/SCI-RT200_00_02-A-1</ComponentPath>
						<Position>0 -7.00000002374838 0</Position>
						<Axis>0 -1 0</Axis>
						<Radius>0.0375 0</Radius>
					</Entity>
				</Mate>
				<Mate name="Coaxiale5" type="Concentric" alignment="Aligned" min="0" max="0" flipped="False">
					<Entity type="Cylinder">
						<ComponentPath>SCI-11-06-16-ILL-CHANGEUR/SCI-TT170-DURI_SANS PT O-1/SCI-TT170-10-06-A_Course 200-1</ComponentPath>
						<Position>-1.17156527296567E-14 93.5000000000001 -7.12143182002399E-15</Position>
						<Axis>1.95118643840155E-16 -1 -2.21641004050241E-16</Axis>
						<Radius>0.01 0</Radius>
					</Entity>
					<Entity type="Cylinder">
						<ComponentPath>SCI-11-06-16-ILL-CHANGEUR/SCI-INTERFACE_TT-TT-1</ComponentPath>
						<Position>-1.09351781542986E-14 89.4999999999999 -8.00799583622283E-15</Position>
						<Axis>4.42997342366244E-16 -1 -1.747064625185E-16</Axis>
						<Radius>0.01 0</Radius>
					</Entity>
				</Mate>
				<Mate name="Coïncidente7" type="Coincident" alignment="AntiAligned" min="0" max="0" flipped="False">
					<Entity type="Plane">
						<ComponentPath>SCI-11-06-16-ILL-CHANGEUR/SCI-TT170-DURI_SANS PT O-1/SCI-TT170-10-06-A_Course 200-1</ComponentPath>
						<Position>-119.960528568026 89.5 62.1246455577798</Position>
						<Axis>1.95118643840155E-16 -1 -2.21641004050241E-16</Axis>
						<Radius>0 0</Radius>
					</Entity>
					<Entity type="Plane">
						<ComponentPath>SCI-11-06-16-ILL-CHANGEUR/SCI-INTERFACE_TT-TT-1</ComponentPath>
						<Position>-66.150461606783 89.4999999999999 -100.369898023309</Position>
						<Axis>-4.42997342366244E-16 1 1.747064625185E-16</Axis>
						<Radius>0 0</Radius>
					</Entity>
				</Mate>
				<Mate name="Parallèle2" type="Parallel" alignment="Aligned" min="0" max="0" flipped="False">
					<Entity type="Plane">
						<ComponentPath>SCI-11-06-16-ILL-CHANGEUR/SCI-TT170-DURI_SANS PT O-1/SCI-TT170-10-06-A_Course 200-1</ComponentPath>
						<Position>119.960528568026 109.5 -62.12464555778</Position>
						<Axis>0.979531527235838 1.46510567631802E-16 0.201290802450155</Axis>
						<Radius>0 0</Radius>
					</Entity>
					<Entity type="Plane">
						<ComponentPath>SCI-11-06-16-ILL-CHANGEUR/SCI-INTERFACE_TT-TT-1</ComponentPath>
						<Position>100.369898023309 89.5 -66.1504616067831</Position>
						<Axis>0.979531527235838 3.98763059295848E-16 0.201290802450155</Axis>
						<Radius>0 0</Radius>
					</Entity>
				</Mate>
				<Mate name="Coïncidente16" type="Coincident" alignment="AntiAligned" min="0" max="0" flipped="False">
					<Entity type="Plane">
						<ComponentPath>SCI-11-06-16-ILL-CHANGEUR/SCI-0516_02_01-A-1</ComponentPath>
						<Position>-88.1257539328613 189.499999999998 68.6665966374101</Position>
						<Axis>1.58397029414615E-16 -1 -1.97836523893546E-15</Axis>
						<Radius>0 0</Radius>
					</Entity>
					<Entity type="Plane">
						<ComponentPath>SCI-11-06-16-ILL-CHANGEUR/SCI-TT170-DURI_SANS PT O-2/SCI-TT170-10-19-A-1</ComponentPath>
						<Position>100.369898023309 189.499999999999 -66.1504616067831</Position>
						<Axis>-4.5344906307776E-16 1 1.33043245446865E-15</Axis>
						<Radius>0 0</Radius>
					</Entity>
				</Mate>
				<Mate name="Coaxiale12" type="Concentric" alignment="Aligned" min="0" max="0" flipped="False">
					<Entity type="Cylinder">
						<ComponentPath>SCI-11-06-16-ILL-CHANGEUR/SCI-0516_02_01-A-1</ComponentPath>
						<Position>4.47613707587215E-14 186.499999999998 6.18394975962681E-14</Position>
						<Axis>-1.58397029414615E-16 1 1.97836523893546E-15</Axis>
						<Radius>0.01 0</Radius>
					</Entity>
					<Entity type="Cylinder">
						<ComponentPath>SCI-11-06-16-ILL-CHANGEUR/SCI-TT170-DURI_SANS PT O-2/SCI-TT170-10-19-A-1</ComponentPath>
						<Position>-1.54723048239402E-15 185.499999999998 1.11988945245057E-13</Position>
						<Axis>-4.5344906307776E-16 1 1.33043245446865E-15</Axis>
						<Radius>0.01 0</Radius>
					</Entity>
				</Mate>
				<Mate name="Parallèle7" type="Parallel" alignment="Aligned" min="0" max="0" flipped="False">
					<Entity type="Plane">
						<ComponentPath>SCI-11-06-16-ILL-CHANGEUR/SCI-0516_02_01-A-1</ComponentPath>
						<Position>53.9063175163352 189.499999999998 97.8537629926825</Position>
						<Axis>0.979531527235838 -2.43071842352693E-16 0.201290802450155</Axis>
						<Radius>0 0</Radius>
					</Entity>
					<Entity type="Plane">
						<ComponentPath>SCI-11-06-16-ILL-CHANGEUR/SCI-TT170-DURI_SANS PT O-2/SCI-TT170-10-19-A-1</ComponentPath>
						<Position>75.2085477170399 175.499999999999 56.2909792976968</Position>
						<Axis>0.979531527235838 1.76363836914494E-16 0.201290802450155</Axis>
						<Radius>0 0</Radius>
					</Entity>
				</Mate>
				<Mate name="Coïncidente18" type="Coincident" alignment="AntiAligned" min="0" max="0" flipped="False">
					<Entity type="Plane">
						<ComponentPath>SCI-11-06-16-ILL-CHANGEUR/SCI-0516_02_01-A-1</ComponentPath>
						<Position>-88.1257539328613 199.499999999998 68.6665966374101</Position>
						<Axis>-1.58397029414615E-16 1 1.97836523893546E-15</Axis>
						<Radius>0 0</Radius>
					</Entity>
					<Entity type="Plane">
						<ComponentPath>SCI-11-06-16-ILL-CHANGEUR/SCI-BG206-DURCI_SANS PT 0-1/SCI-BG206_00_01-A-1</ComponentPath>
						<Position>-88.1257539328614 199.499999999998 68.6665966374101</Position>
						<Axis>1.58397029414615E-16 -1 -1.97836523893546E-15</Axis>
						<Radius>0 0</Radius>
					</Entity>
				</Mate>
				<Mate name="Coaxiale13" type="Concentric" alignment="Aligned" min="0" max="0" flipped="False">
					<Entity type="Cylinder">
						<ComponentPath>SCI-11-06-16-ILL-CHANGEUR/SCI-0516_02_01-A-1</ComponentPath>
						<Position>4.22270182880969E-14 202.499999999998 9.34933414192373E-14</Position>
						<Axis>1.58397029414615E-16 -1 -1.97836523893546E-15</Axis>
						<Radius>0.01 0</Radius>
					</Entity>
					<Entity type="Cylinder">
						<ComponentPath>SCI-11-06-16-ILL-CHANGEUR/SCI-BG206-DURCI_SANS PT 0-1/SCI-BG206_00_01-A-1</ComponentPath>
						<Position>-4.2085929064699E-14 204.499999999998 6.36336600599823E-14</Position>
						<Axis>1.58397029414615E-16 -1 -1.97836523893546E-15</Axis>
						<Radius>0.01 0</Radius>
					</Entity>
				</Mate>
				<Mate name="Parallèle8" type="Parallel" alignment="AntiAligned" min="0" max="0" flipped="False">
					<Entity type="Cylinder">
						<ComponentPath>SCI-11-06-16-ILL-CHANGEUR/SCI-TT170-DURI_SANS PT O-1/SCI-TT170-10-19-A-1</ComponentPath>
						<Position>0.974285789590191 135.499999999999 0.200212819035865</Position>
						<Axis>-1.95118643840155E-16 1 2.21641004050241E-16</Axis>
						<Radius>0.01 0</Radius>
					</Entity>
					<Entity type="Cylinder">
						<ComponentPath>SCI-11-06-16-ILL-CHANGEUR/SCI-TT170-DURI_SANS PT O-2/SCI-TT170-10-06-A_Course 200-1</ComponentPath>
						<Position>0.974285789590228 143.499999999999 0.200212819035919</Position>
						<Axis>4.5344906307776E-16 -1 -1.33043245446865E-15</Axis>
						<Radius>0.01 0</Radius>
					</Entity>
				</Mate>
				<Mate name="Coïncidente19" type="Coincident" alignment="AntiAligned" min="0" max="0" flipped="False">
					<Entity type="Plane">
						<ComponentPath>SCI-11-06-16-ILL-CHANGEUR/SCI-TT170-DURI_SANS PT O-1/SCI-TT170-10-19-A-1</ComponentPath>
						<Position>-99.3956122337191 139.499999999999 66.3506744258191</Position>
						<Axis>-1.95118643840155E-16 1 2.21641004050241E-16</Axis>
						<Radius>0 0</Radius>
					</Entity>
					<Entity type="Plane">
						<ComponentPath>SCI-11-06-16-ILL-CHANGEUR/SCI-TT170-DURI_SANS PT O-2/SCI-TT170-10-06-A_Course 200-1</ComponentPath>
						<Position>120.934814357616 139.499999999999 -61.9244327387439</Position>
						<Axis>4.5344906307776E-16 -1 -1.33043245446865E-15</Axis>
						<Radius>0 0</Radius>
					</Entity>
				</Mate>
				<Mate name="Coaxiale17" type="Concentric" alignment="AntiAligned" min="0" max="0" flipped="False">
					<Entity type="Cylinder">
						<ComponentPath>SCI-11-06-16-ILL-CHANGEUR/SCI-TT170-DURI_SANS PT O-1/SCI-TT170-10-19-A-1</ComponentPath>
						<Position>0.974285789590191 135.499999999999 0.200212819035865</Position>
						<Axis>-1.95118643840155E-16 1 2.21641004050241E-16</Axis>
						<Radius>0.01 0</Radius>
					</Entity>
					<Entity type="Cylinder">
						<ComponentPath>SCI-11-06-16-ILL-CHANGEUR/SCI-TT170-DURI_SANS PT O-2/SCI-TT170-10-06-A_Course 200-1</ComponentPath>
						<Position>0.974285789590228 143.499999999999 0.200212819035919</Position>
						<Axis>4.5344906307776E-16 -1 -1.33043245446865E-15</Axis>
						<Radius>0.01 0</Radius>
					</Entity>
				</Mate>
				<Mate name="Perpendiculaire1" type="Perpendicular" alignment="Closest" min="0" max="0" flipped="False">
					<Entity type="Plane">
						<ComponentPath>SCI-11-06-16-ILL-CHANGEUR/SCI-TT170-DURI_SANS PT O-1/SCI-TT170-10-06-A_Course 200-1</ComponentPath>
						<Position>-85.7410921515 109.5 -104.395714072313</Position>
						<Axis>-0.979531527235838 -1.46510567631802E-16 -0.201290802450155</Axis>
						<Radius>0 0</Radius>
					</Entity>
					<Entity type="Plane">
						<ComponentPath>SCI-11-06-16-ILL-CHANGEUR/SCI-TT170-DURI_SANS PT O-2/SCI-TT170-10-06-A_Course 200-1</ComponentPath>
						<Position>120.934814357616 139.499999999999 -61.9244327387439</Position>
						<Axis>0.201290802450155 1.394475659787E-15 -0.979531527235838</Axis>
						<Radius>0 0</Radius>
					</Entity>
				</Mate>
				<Mate name="Parallèle11" type="Parallel" alignment="Aligned" min="0" max="0" flipped="False">
					<Entity type="Plane">
						<ComponentPath>SCI-11-06-16-ILL-CHANGEUR/SCI-TT170-DURI_SANS PT O-2/SCI-TT170-10-19-A-1</ComponentPath>
						<Position>-91.3118119130525 175.499999999998 22.0715428811704</Position>
						<Axis>-0.979531527235838 -1.76363836914494E-16 -0.201290802450155</Axis>
						<Radius>0 0</Radius>
					</Entity>
					<Entity type="Plane">
						<ComponentPath>SCI-11-06-16-ILL-CHANGEUR/SCI-BG206-DURCI_SANS PT 0-1/SCI-BG206_00_03-A-1</ComponentPath>
						<Position>-71.0160357245983 136.499999999998 -14.5935831776362</Position>
						<Axis>-0.979531527235838 2.43071842352693E-16 -0.201290802450155</Axis>
						<Radius>0 0</Radius>
					</Entity>
				</Mate>
			</MateGroup>
		</ConfigParams>
		<Material>
			<Diffuse>0.8 0.8 0.8 1</Diffuse>
			<Specular>0.2 0.2 0.2 1</Specular>
			<Shininess>100</Shininess>
		</Material>
		<Axis type="Fixed" method="Computed">
			<Direction>0 0 0</Direction>
			<Position>0 0 0</Position>
		</Axis>
		<Component name="SCI-TT170-DURI_SANS PT O-1" fileName="SCI-TT170-DURI_SANS PT O">
			<ConfigParams configuration="Défaut" visible="True" fixed="False">
				<AxisValue>0</AxisValue>
				<Transform>
					<Rotation>-0.201290802450155 -2.56379939586988E-16 0.979531527235838 -1.95118643840155E-16 1 2.21641004050241E-16 -0.979531527235838 -1.46510567631802E-16 -0.201290802450155</Rotation>
					<Translation>-1.09351781542961E-14 89.5000000000001 -8.00799583622496E-15</Translation>
					<Scale>1</Scale>
				</Transform>
				<BoundingBox>
					<Min>-188.656984151175 84.4998969223583 -199.180735752228</Min>
					<Max>206.52308037773 144.500103077642 143.767293380856</Max>
				</BoundingBox>
				<MateGroup>
					<Mate name="Coïncidente2" type="Coincident" alignment="AntiAligned" min="0" max="0" flipped="False">
						<Entity type="Plane">
							<ComponentPath>SCI-TT170-DURI_SANS PT O-1/SCI-TT170-10-19-A-1</ComponentPath>
							<Position>40 34.9999999999992 84.0053553535541</Position>
							<Axis>1 -1.84889274661175E-32 -1.34282292109093E-63</Axis>
							<Radius>0 0</Radius>
						</Entity>
						<Entity type="Plane">
							<ComponentPath>SCI-TT170-DURI_SANS PT O-1/SCI-TT170-10-04-A-1</ComponentPath>
							<Position>40 20.0000000000002 -85.9946446464466</Position>
							<Axis>-1 -1.29310998958859E-16 1.55996260201025E-16</Axis>
							<Radius>0 0</Radius>
						</Entity>
					</Mate>
					<Mate name="Coïncidente5" type="Coincident" alignment="AntiAligned" min="0" max="0" flipped="False">
						<Entity type="Plane">
							<ComponentPath>SCI-TT170-DURI_SANS PT O-1/SCI-TT170-10-19-A-1</ComponentPath>
							<Position>-40 34.9999999999994 84.0053553535539</Position>
							<Axis>-1 1.84889274661175E-32 1.34282292109093E-63</Axis>
							<Radius>0 0</Radius>
						</Entity>
						<Entity type="Plane">
							<ComponentPath>SCI-TT170-DURI_SANS PT O-1/SCI-TT170-10-04-A-2</ComponentPath>
							<Position>-40.0000000000005 20.0000000000001 84.0053553535536</Position>
							<Axis>1 2.46519032881566E-32 -2.76744195651013E-63</Axis>
							<Radius>0 0</Radius>
						</Entity>
					</Mate>
					<Mate name="Coïncidente12" type="Coincident" alignment="AntiAligned" min="0" max="0" flipped="False">
						<Entity type="Plane">
							<ComponentPath>SCI-TT170-DURI_SANS PT O-1/SCI-TT170-10-19-A-1</ComponentPath>
							<Position>58 34.9999999999994 84.005355353554</Position>
							<Axis>1.84889274661175E-32 -1 -7.26284920286356E-32</Axis>
							<Radius>0 0</Radius>
						</Entity>
						<Entity type="Plane">
							<ComponentPath>SCI-TT170-DURI_SANS PT O-1/SCI-TT170-10-04-A-1</ComponentPath>
							<Position>40 35.0000000000002 -85.9946446464466</Position>
							<Axis>-1.29310998958859E-16 1 1.2490009027033E-16</Axis>
							<Radius>0 0</Radius>
						</Entity>
					</Mate>
					<Mate name="Coïncidente13" type="Coincident" alignment="AntiAligned" min="0" max="0" flipped="False">
						<Entity type="Point">
							<ComponentPath>SCI-TT170-DURI_SANS PT O-1/SCI-TT170-10-19-A-1</ComponentPath>
							<Position>58 34.9999999999992 -85.9946446464461</Position>
							<Axis>-1 0 0</Axis>
							<Radius>0 0</Radius>
						</Entity>
						<Entity type="Point">
							<ComponentPath>SCI-TT170-DURI_SANS PT O-1/SCI-TT170-10-04-A-1</ComponentPath>
							<Position>40.5 35.0000000000002 -85.9946446464466</Position>
							<Axis>1 -2.32502329076499E-15 -1.55996260201026E-16</Axis>
							<Radius>0 0</Radius>
						</Entity>
					</Mate>
					<Mate name="Coïncidente14" type="Coincident" alignment="AntiAligned" min="0" max="0" flipped="False">
						<Entity type="Plane">
							<ComponentPath>SCI-TT170-DURI_SANS PT O-1/SCI-TT170-10-19-A-1</ComponentPath>
							<Position>-58 34.9999999999992 84.0053553535539</Position>
							<Axis>1.84889274661175E-32 -1 -7.26284920286356E-32</Axis>
							<Radius>0 0</Radius>
						</Entity>
						<Entity type="Plane">
							<ComponentPath>SCI-TT170-DURI_SANS PT O-1/SCI-TT170-10-04-A-2</ComponentPath>
							<Position>-40.0000000000005 35 84.0053553535536</Position>
							<Axis>2.46519032881566E-32 1 -1.12260782632539E-31</Axis>
							<Radius>0 0</Radius>
						</Entity>
					</Mate>
					<Mate name="Coïncidente15" type="Coincident" alignment="Aligned" min="0" max="0" flipped="False">
						<Entity type="Point">
							<ComponentPath>SCI-TT170-DURI_SANS PT O-1/SCI-TT170-10-19-A-1</ComponentPath>
							<Position>-40 34.9999999999992 -85.9946446464461</Position>
							<Axis>-1 0 0</Axis>
							<Radius>0 0</Radius>
						</Entity>
						<Entity type="Point">
							<ComponentPath>SCI-TT170-DURI_SANS PT O-1/SCI-TT170-10-04-A-2</ComponentPath>
							<Position>-40.5000000000005 35 -85.9946446464464</Position>
							<Axis>-1 -4.90866857944768E-15 3.53424137720233E-15</Axis>
							<Radius>0 0</Radius>
						</Entity>
					</Mate>
					<Mate name="Coïncidente20" type="Coincident" alignment="AntiAligned" min="0" max="0" flipped="False">
						<Entity type="Plane">
							<ComponentPath>SCI-TT170-DURI_SANS PT O-1/SCI-TT170-10-04-A-1</ComponentPath>
							<Position>40 20.0000000000002 -85.9946446464466</Position>
							<Axis>-1.97215226305253E-31 -1 -1.2490009027033E-16</Axis>
							<Radius>0 0</Radius>
						</Entity>
						<Entity type="Plane">
							<ComponentPath>SCI-TT170-DURI_SANS PT O-1/SCI-TT170-10-06-A_Course 200-1</ComponentPath>
							<Position>-85 20 105</Position>
							<Axis>-6.12820005851934E-32 1 7.39557098644699E-32</Axis>
							<Radius>0 0</Radius>
						</Entity>
					</Mate>
				</MateGroup>
			</ConfigParams>
			<Material>
				<Diffuse>0.8 0.8 0.8 1</Diffuse>
				<Specular>0.2 0.2 0.2 1</Specular>
				<Shininess>100</Shininess>
			</Material>
			<Axis type="None" method="ToCompute">
				<Direction>0 0 0</Direction>
				<Position>0 0 0</Position>
			</Axis>
			<Component name="SCI-TT170-10-09-A-1" fileName="SCI-TT170-10-09-A">
				<ConfigParams configuration="Défaut" visible="True" fixed="True">
					<AxisValue>0</AxisValue>
					<Transform>
						<Rotation>-0.201290802450155 -2.56379939586988E-16 0.979531527235838 -1.95118643840155E-16 1 2.21641004050241E-16 -0.979531527235838 -1.46510567631802E-16 -0.201290802450155</Rotation>
						<Translation>-143.991134503668 114.5 -29.5897479601728</Translation>
						<Scale>1</Scale>
					</Transform>
					<BoundingBox>
						<Min>-170.626943134178 84.5 -195.972914648524</Min>
						<Max>-93.9751480345457 144.5 8.11579913473419</Max>
					</BoundingBox>
					<MateGroup />
				</ConfigParams>
				<Material>
					<Diffuse>0.8 0.8 0.8 1</Diffuse>
					<Specular>0.2 0.2 0.2 1</Specular>
					<Shininess>100</Shininess>
				</Material>
				<Axis type="None" method="ToCompute">
					<Direction>0 0 0</Direction>
					<Position>0 0 0</Position>
				</Axis>
			</Component>
			<Component name="SCI-Embase 6 contacts-1" fileName="SCI-Embase 6 contacts">
				<ConfigParams configuration="Défaut" visible="True" fixed="True">
					<AxisValue>0</AxisValue>
					<Transform>
						<Rotation>0.979531527235838 -2.14311915371373E-16 0.201290802450155 1.38245285641639E-15 1 -5.66267424309153E-15 -0.201290802450155 5.82504299439205E-15 0.979531527235838</Rotation>
						<Translation>119.355902758481 99.4999999999999 -14.4709528610925</Translation>
						<Scale>1</Scale>
					</Transform>
					<BoundingBox>
						<Min>116.256024400749 99.4999999999997 -28.4783546683647</Min>
						<Max>151.620327799175 129.5 6.65255673184425</Max>
					</BoundingBox>
					<MateGroup />
				</ConfigParams>
				<Material>
					<Diffuse>0.8 0.8 0.8 1</Diffuse>
					<Specular>0.2 0.2 0.2 1</Specular>
					<Shininess>100</Shininess>
				</Material>
				<Axis type="None" method="ToCompute">
					<Direction>0 0 0</Direction>
					<Position>0 0 0</Position>
				</Axis>
			</Component>
			<Component name="SCI-R11X-J10-7N-1" fileName="SCI-R11X-J10-7N">
				<ConfigParams configuration="Défaut" visible="True" fixed="True">
					<AxisValue>0</AxisValue>
					<Transform>
						<Rotation>-0.164530218882505 0.576104936126403 0.80064530826407 0.979531527235838 2.87447482855684E-17 0.201290802450155 0.115964624888379 0.817375741364272 -0.564312947932</Rotation>
						<Translation>126.506496742508 114.5 25.9967071364375</Translation>
						<Scale>1</Scale>
					</Transform>
					<BoundingBox>
						<Min>122.723322537149 95.7054293623446 7.58683265599301</Min>
						<Max>183.825966568943 133.294570637655 55.4081304247951</Max>
					</BoundingBox>
					<MateGroup />
				</ConfigParams>
				<Material>
					<Diffuse>0.8 0.8 0.8 1</Diffuse>
					<Specular>0.2 0.2 0.2 1</Specular>
					<Shininess>100</Shininess>
				</Material>
				<Axis type="None" method="ToCompute">
					<Direction>0 0 0</Direction>
					<Position>0 0 0</Position>
				</Axis>
			</Component>
			<Component name="SCI-TT170-10-10-A-1" fileName="SCI-TT170-10-10-A">
				<ConfigParams configuration="Défaut" visible="True" fixed="True">
					<AxisValue>0</AxisValue>
					<Transform>
						<Rotation>0.201290802450155 2.88723030754898E-16 -0.979531527235838 -1.55311533016314E-16 1 2.62840184808358E-16 0.979531527235838 9.92252314165879E-17 0.201290802450155</Rotation>
						<Translation>102.850810359763 114.5 21.1355342572662</Translation>
						<Scale>1</Scale>
					</Transform>
					<BoundingBox>
						<Min>91.7798162250044 90.0000000000001 -32.7386997407051</Min>
						<Max>121.758056712408 134.5 76.6200946748387</Max>
					</BoundingBox>
					<MateGroup />
				</ConfigParams>
				<Material>
					<Diffuse>0.8 0.8 0.8 1</Diffuse>
					<Specular>0.2 0.2 0.2 1</Specular>
					<Shininess>100</Shininess>
				</Material>
				<Axis type="None" method="ToCompute">
					<Direction>0 0 0</Direction>
					<Position>0 0 0</Position>
				</Axis>
			</Component>
			<Component name="SCI-TT170-10-19-A-1" fileName="SCI-TT170-10-19-A">
				<ConfigParams configuration="Défaut" visible="True" fixed="False">
					<AxisValue>0</AxisValue>
					<Transform>
						<Rotation>-0.201290802450155 -2.56379939586988E-16 0.979531527235838 -1.95118643840155E-16 1 2.21641004050241E-16 -0.979531527235838 -1.46510567631802E-16 -0.201290802450155</Rotation>
						<Translation>0.97428578959019 139.499999999999 0.200212819035866</Translation>
						<Scale>1</Scale>
					</Transform>
					<BoundingBox>
						<Min>-99.3957339500997 122.499896922358 -100.169806920654</Min>
						<Max>101.34430552928 139.500103077641 100.570232558726</Max>
					</BoundingBox>
					<MateGroup />
				</ConfigParams>
				<Material>
					<Diffuse>0.8 0.8 0.8 1</Diffuse>
					<Specular>0.2 0.2 0.2 1</Specular>
					<Shininess>100</Shininess>
				</Material>
				<Axis type="None" method="ToCompute">
					<Direction>0 0 0</Direction>
					<Position>0 0 0</Position>
				</Axis>
			</Component>
			<Component name="SCI-Vis-Chc-M06-inox_Vis Chc M6-40-1" fileName="SCI-Vis-Chc-M06-inox_Vis Chc M6-40">
				<ConfigParams configuration="Défaut" visible="True" fixed="True">
					<AxisValue>0</AxisValue>
					<Transform>
						<Rotation>-0.201290802450155 -1.31926786281579E-16 0.979531527235838 -0.979531527235838 -1.46510567631802E-16 -0.201290802450155 1.70067368743857E-16 -1 -9.97352167236782E-17</Rotation>
						<Translation>-126.601869378558 99.5 19.9240224315941</Translation>
						<Scale>1</Scale>
					</Transform>
					<BoundingBox>
						<Min>-127.611506341843 94.4993757632436 15.0251250702434</Min>
						<Max>-80.5368394602925 104.500624236756 34.0816684400736</Max>
					</BoundingBox>
					<MateGroup />
				</ConfigParams>
				<Material>
					<Diffuse>0.8 0.8 0.8 1</Diffuse>
					<Specular>0.2 0.2 0.2 1</Specular>
					<Shininess>100</Shininess>
				</Material>
				<Axis type="None" method="ToCompute">
					<Direction>0 0 0</Direction>
					<Position>0 0 0</Position>
				</Axis>
			</Component>
			<Component name="SCI-TT170-10-11-A-1" fileName="SCI-TT170-10-11-A">
				<ConfigParams configuration="Défaut" visible="True" fixed="True">
					<AxisValue>0</AxisValue>
					<Transform>
						<Rotation>-0.201290802450155 -1.86991000547916E-16 0.979531527235838 0.979531527235838 -3.9626141803467E-16 0.201290802450155 3.50510983440891E-16 1 2.62927359162292E-16</Rotation>
						<Translation>-120.31254273076 114.5 -149.783650849011</Translation>
						<Scale>1</Scale>
					</Transform>
					<BoundingBox>
						<Min>-126.351287552846 84.4998969223591 -179.169697633885</Min>
						<Max>-86.8468141782718 144.500103077642 -114.761440846951</Max>
					</BoundingBox>
					<MateGroup />
				</ConfigParams>
				<Material>
					<Diffuse>0.8 0.8 0.8 1</Diffuse>
					<Specular>0.2 0.2 0.2 1</Specular>
					<Shininess>100</Shininess>
				</Material>
				<Axis type="None" method="ToCompute">
					<Direction>0 0 0</Direction>
					<Position>0 0 0</Position>
				</Axis>
			</Component>
			<Component name="SCI-TT170-10-04-A-2" fileName="SCI-TT170-10-04-A">
				<ConfigParams configuration="Défaut" visible="True" fixed="False">
					<AxisValue>0</AxisValue>
					<Transform>
						<Rotation>-0.201290802450155 -2.56379939586988E-16 0.979531527235838 -1.95118643840155E-16 1 2.21641004050241E-16 -0.979531527235838 -1.46510567631802E-16 -0.201290802450155</Rotation>
						<Translation>92.286097702643 109.5 -21.8713300621349</Translation>
						<Scale>1</Scale>
					</Transform>
					<BoundingBox>
						<Min>-74.2342619274494 109.5 -81.5585861867929</Min>
						<Max>97.5196585663471 124.5 -21.8713300621349</Max>
					</BoundingBox>
					<MateGroup />
				</ConfigParams>
				<Material>
					<Diffuse>0.8 0.8 0.8 1</Diffuse>
					<Specular>0.2 0.2 0.2 1</Specular>
					<Shininess>100</Shininess>
				</Material>
				<Axis type="None" method="ToCompute">
					<Direction>0 0 0</Direction>
					<Position>0 0 0</Position>
				</Axis>
			</Component>
			<Component name="SCI-TT170-07-12-A-1" fileName="SCI-TT170-07-12-A">
				<ConfigParams configuration="Défaut" visible="True" fixed="True">
					<AxisValue>0</AxisValue>
					<Transform>
						<Rotation>0.979531527235838 1.46510567631802E-16 0.201290802450155 -1.95118643840155E-16 1 2.21641004050241E-16 -0.201290802450155 -2.56379939586988E-16 0.979531527235838</Rotation>
						<Translation>-100.369898023309 90.5000000000001 66.150461606783</Translation>
						<Scale>1</Scale>
					</Transform>
					<BoundingBox>
						<Min>-105.200998998493 90.4998969223587 66.1503398904025</Min>
						<Max>66.1505833231632 136.500025 123.87877639335</Max>
					</BoundingBox>
					<MateGroup />
				</ConfigParams>
				<Material>
					<Diffuse>0.8 0.8 0.8 1</Diffuse>
					<Specular>0.2 0.2 0.2 1</Specular>
					<Shininess>100</Shininess>
				</Material>
				<Axis type="None" method="ToCompute">
					<Direction>0 0 0</Direction>
					<Position>0 0 0</Position>
				</Axis>
			</Component>
			<Component name="SCI-Vis-Chc-M06-inox_Vis Chc M6-40-2" fileName="SCI-Vis-Chc-M06-inox_Vis Chc M6-40">
				<ConfigParams configuration="Défaut" visible="True" fixed="True">
					<AxisValue>0</AxisValue>
					<Transform>
						<Rotation>-0.201290802450155 -1.31926786281579E-16 0.979531527235838 -0.979531527235838 -1.46510567631802E-16 -0.201290802450155 1.70067368743857E-16 -1 -9.97352167236782E-17</Rotation>
						<Translation>-108.485697158044 99.5000000000001 -68.2338150196313</Translation>
						<Scale>1</Scale>
					</Transform>
					<BoundingBox>
						<Min>-109.495334121329 94.4993757632437 -73.1327123809819</Min>
						<Max>-62.4206672397785 104.500624236756 -54.0761690111518</Max>
					</BoundingBox>
					<MateGroup />
				</ConfigParams>
				<Material>
					<Diffuse>0.8 0.8 0.8 1</Diffuse>
					<Specular>0.2 0.2 0.2 1</Specular>
					<Shininess>100</Shininess>
				</Material>
				<Axis type="None" method="ToCompute">
					<Direction>0 0 0</Direction>
					<Position>0 0 0</Position>
				</Axis>
			</Component>
			<Component name="SCI-Vis-Chc-M06-inox_Vis Chc M6-40-3" fileName="SCI-Vis-Chc-M06-inox_Vis Chc M6-40">
				<ConfigParams configuration="Défaut" visible="True" fixed="True">
					<AxisValue>0</AxisValue>
					<Transform>
						<Rotation>-0.201290802450155 -1.36372902304771E-16 0.979531527235838 0.979531527235838 -1.39513538960529E-17 0.201290802450155 -1.37848199485756E-17 1 1.36389836489179E-16</Rotation>
						<Translation>101.628976467393 99.5000000000001 66.8247794024802</Translation>
						<Scale>1</Scale>
					</Transform>
					<BoundingBox>
						<Min>55.5639465491276 94.4993757632437 52.6671333940006</Min>
						<Max>102.638613430678 104.500624236757 71.7236767638308</Max>
					</BoundingBox>
					<MateGroup />
				</ConfigParams>
				<Material>
					<Diffuse>0.8 0.8 0.8 1</Diffuse>
					<Specular>0.2 0.2 0.2 1</Specular>
					<Shininess>100</Shininess>
				</Material>
				<Axis type="None" method="ToCompute">
					<Direction>0 0 0</Direction>
					<Position>0 0 0</Position>
				</Axis>
			</Component>
			<Component name="SCI-TT170-10-14-A-1" fileName="SCI-TT170-10-14-A">
				<ConfigParams configuration="Défaut" visible="True" fixed="True">
					<AxisValue>0</AxisValue>
					<Transform>
						<Rotation>-0.201290802450155 -2.56379939586988E-16 0.979531527235838 -1.95118643840155E-16 1 2.21641004050241E-16 -0.979531527235838 -1.46510567631802E-16 -0.201290802450155</Rotation>
						<Translation>-163.581765048385 112 -33.6155640091759</Translation>
						<Scale>1</Scale>
					</Transform>
					<BoundingBox>
						<Min>-173.761464769863 84.4998969223583 -196.617146184153</Min>
						<Max>-130.217692825892 144.500025 0.668161160458397</Max>
					</BoundingBox>
					<MateGroup />
				</ConfigParams>
				<Material>
					<Diffuse>0.8 0.8 0.8 1</Diffuse>
					<Specular>0.2 0.2 0.2 1</Specular>
					<Shininess>100</Shininess>
				</Material>
				<Axis type="None" method="ToCompute">
					<Direction>0 0 0</Direction>
					<Position>0 0 0</Position>
				</Axis>
			</Component>
			<Component name="SCI-Embase 5 contacts-1" fileName="SCI-Embase 5 contacts">
				<ConfigParams configuration="Défaut" visible="True" fixed="True">
					<AxisValue>0</AxisValue>
					<Transform>
						<Rotation>0.979531527235838 2.43655082286503E-16 0.201290802450155 -3.01260179897608E-16 1 2.55544521646399E-16 -0.201290802450155 -3.10954818922916E-16 0.979531527235838</Rotation>
						<Translation>87.1133854850673 91.5000000000001 -110.935558182803</Translation>
						<Scale>1</Scale>
					</Transform>
					<BoundingBox>
						<Min>84.0135071273349 91.5000000000001 -124.942959990075</Min>
						<Max>119.377810525761 121.5 -89.8120485898663</Max>
					</BoundingBox>
					<MateGroup />
				</ConfigParams>
				<Material>
					<Diffuse>0.8 0.8 0.8 1</Diffuse>
					<Specular>0.2 0.2 0.2 1</Specular>
					<Shininess>100</Shininess>
				</Material>
				<Axis type="None" method="ToCompute">
					<Direction>0 0 0</Direction>
					<Position>0 0 0</Position>
				</Axis>
			</Component>
			<Component name="SCI-TT170-00-05-A-1" fileName="SCI-TT170-00-05-A">
				<ConfigParams configuration="Défaut" visible="True" fixed="True">
					<AxisValue>0</AxisValue>
					<Transform>
						<Rotation>-0.201290802450155 -2.56379939586988E-16 0.979531527235838 -1.95118643840155E-16 1 2.21641004050241E-16 -0.979531527235838 -1.46510567631802E-16 -0.201290802450155</Rotation>
						<Translation>-102.850810359763 114.5 -21.1355342572663</Translation>
						<Scale>1</Scale>
					</Transform>
					<BoundingBox>
						<Min>-155.062128638427 90 -83.4639819581439</Min>
						<Max>-91.7798162250045 134.5 32.7386997407049</Max>
					</BoundingBox>
					<MateGroup />
				</ConfigParams>
				<Material>
					<Diffuse>0.8 0.8 0.8 1</Diffuse>
					<Specular>0.2 0.2 0.2 1</Specular>
					<Shininess>100</Shininess>
				</Material>
				<Axis type="None" method="ToCompute">
					<Direction>0 0 0</Direction>
					<Position>0 0 0</Position>
				</Axis>
			</Component>
			<Component name="SCI-TT170-10-06-A_Course 200-1" fileName="SCI-TT170-10-06-A_Course 200">
				<ConfigParams configuration="Défaut" visible="True" fixed="True">
					<AxisValue>0</AxisValue>
					<Transform>
						<Rotation>-0.201290802450155 -2.56379939586988E-16 0.979531527235838 -1.95118643840155E-16 1 2.21641004050241E-16 -0.979531527235838 -1.46510567631802E-16 -0.201290802450155</Rotation>
						<Translation>-1.09351781542961E-14 89.5000000000001 -8.00799583622496E-15</Translation>
						<Scale>1</Scale>
					</Transform>
					<BoundingBox>
						<Min>-119.960650284407 89.4998969223594 -104.395759309182</Min>
						<Max>119.960634568095 124.500103077641 104.395835788693</Max>
					</BoundingBox>
					<MateGroup />
				</ConfigParams>
				<Material>
					<Diffuse>0.8 0.8 0.8 1</Diffuse>
					<Specular>0.2 0.2 0.2 1</Specular>
					<Shininess>100</Shininess>
				</Material>
				<Axis type="None" method="ToCompute">
					<Direction>0 0 0</Direction>
					<Position>0 0 0</Position>
				</Axis>
			</Component>
			<Component name="SCI-500077_MOLETTE_Ï56xÏ6.35-1" fileName="SCI-500077_MOLETTE_Ï56xÏ6.35">
