<?xml version="1.0" encoding="UTF-8" standalone="no"?>
<Nomad3DXML state="converted">
    <RootComponent fileName="Exp.731-49-00-000_Ass_Zone_Thales_+_table_+_spectro_secondaire_schema" name="Exp.731-49-00-000_Ass_Zone_Thales_+_table_+_spectro_secondaire_schema" wall="False">
        <ConfigParams configuration="Défaut" fixed="True" visible="True">
            <AxisValue>0.0</AxisValue>
            <Transform>
                <Rotation>1.0 0.0 0.0 0.0 1.0 0.0 0.0 0.0 1.0</Rotation>
                <Translation>0.0 0.0 0.0</Translation>
                <Scale>1.0</Scale>
            </Transform>
        </ConfigParams>
        <Material>
            <Diffuse>0.800000011920929 0.800000011920929 0.800000011920929 1.0</Diffuse>
            <Specular>0.20000000298023224 0.20000000298023224 0.20000000298023224 1.0</Specular>
            <Shininess>100.0</Shininess>
        </Material>
        <Axis method="Computed" type="Fixed">
            <Direction>0.0 0.0 0.0</Direction>
            <Position>0.0 0.0 0.0</Position>
            <MinValue>-Infinity</MinValue>
            <MaxValue>Infinity</MaxValue>
        </Axis>
        <Component fileName="Exp.731-00-00-000-S-_E_Tourelle_mono_AVS_2018_partie_tournante" name="Exp.731-00-00-000-S-_E_Tourelle_mono_AVS_2018_partie_tournante-1" wall="False">
            <ConfigParams configuration="Défaut" fixed="False" visible="True">
                <AxisValue>0.0</AxisValue>
                <Transform>
                    <Rotation>0.982722888232432 -1.72331018685116E-35 -0.185083021760794 2.54414047970589E-29 1.0 1.35084424988843E-28 0.185083021760794 -1.37459328357932E-28 0.982722888232432</Rotation>
                    <Translation>-5160.00000000002 2079.41698762773 5.86197757002083E-11</Translation>
                    <Scale>1.0</Scale>
                </Transform>
            </ConfigParams>
            <Material>
                <Diffuse>0.800000011920929 0.800000011920929 0.800000011920929 1.0</Diffuse>
                <Specular>0.20000000298023224 0.20000000298023224 0.20000000298023224 1.0</Specular>
                <Shininess>100.0</Shininess>
            </Material>
            <Axis method="Computed" type="Fixed">
                <Direction>0.0 0.0 0.0</Direction>
                <Position>0.0 0.0 0.0</Position>
                <MinValue>-Infinity</MinValue>
                <MaxValue>Infinity</MaxValue>
            </Axis>
        </Component>
        <Component fileName="Exp.226-19-00-000_-Ens._ligne_echantillon" name="Exp.226-19-00-000_-Ens._ligne_echantillon-1" wall="False">
            <ConfigParams configuration="Défaut" fixed="False" visible="True">
                <AxisValue>0.0</AxisValue>
                <Transform>
                    <Rotation>0.185083021760797 -1.08719413597832E-16 0.982722888232432 -6.16646244614097E-17 1.0 1.22244520879096E-16 -0.982722888232432 -8.32246231704887E-17 0.185083021760797</Rotation>
                    <Translation>-4789.09362439136 1903.20240095423 1969.37666801781</Translation>
                    <Scale>1.0</Scale>
                </Transform>
            </ConfigParams>
            <Material>
                <Diffuse>0.800000011920929 0.800000011920929 0.800000011920929 1.0</Diffuse>
                <Specular>0.20000000298023224 0.20000000298023224 0.20000000298023224 1.0</Specular>
                <Shininess>100.0</Shininess>
            </Material>
            <Axis method="Computed" type="Fixed">
                <Direction>0.0 0.0 0.0</Direction>
                <Position>0.0 0.0 0.0</Position>
                <MinValue>-Infinity</MinValue>
                <MaxValue>Infinity</MaxValue>
            </Axis>
            <Component fileName="Exp.226-19-00-000-Ensemble_ligne_echantillon" name="Exp.226-19-00-000-Ensemble_ligne_echantillon-2" wall="False">
                <ConfigParams configuration="Défaut" fixed="False" visible="True">
                    <AxisValue>0.0</AxisValue>
                    <Transform>
                        <Rotation>0.185083021760797 -1.08719413597832E-16 0.982722888232432 -6.16646244614097E-17 1.0 1.22244520879096E-16 -0.982722888232432 -8.32246231704887E-17 0.185083021760797</Rotation>
                        <Translation>-4789.09362439136 1903.20240095423 1969.37666801781</Translation>
                        <Scale>1.0</Scale>
                    </Transform>
                </ConfigParams>
                <Material>
                    <Diffuse>0.800000011920929 0.800000011920929 0.800000011920929 1.0</Diffuse>
                    <Specular>0.20000000298023224 0.20000000298023224 0.20000000298023224 1.0</Specular>
                    <Shininess>100.0</Shininess>
                </Material>
                <Axis method="Computed" type="Fixed">
                    <Direction>0.0 0.0 0.0</Direction>
                    <Position>0.0 0.0 0.0</Position>
                    <MinValue>-Infinity</MinValue>
                    <MaxValue>Infinity</MaxValue>
                </Axis>
                <Component fileName="Exp.Vis-Chc-M10-inox" name="Exp.Vis-Chc-M10-inox-31" wall="False">
                    <ConfigParams configuration="Défaut" fixed="False" visible="True">
                        <AxisValue>0.0</AxisValue>
                        <Transform>
                            <Rotation>-0.825763478065944 1.80275391961034E-17 -0.564016558526818 -6.16646244614097E-17 1.0 1.22244520879096E-16 0.564016558526818 1.357249300072E-16 -0.825763478065944</Rotation>
                            <Translation>-4844.6185309196 2245.20240095423 1674.55980154808</Translation>
                            <Scale>1.0</Scale>
                        </Transform>
                    </ConfigParams>
                    <Material>
                        <Diffuse>0.800000011920929 0.800000011920929 0.800000011920929 1.0</Diffuse>
                        <Specular>0.20000000298023224 0.20000000298023224 0.20000000298023224 1.0</Specular>
                        <Shininess>100.0</Shininess>
                    </Material>
                    <Axis method="Computed" type="Fixed">
                        <Direction>0.0 0.0 0.0</Direction>
                        <Position>0.0 0.0 0.0</Position>
                        <MinValue>-Infinity</MinValue>
                        <MaxValue>Infinity</MaxValue>
                    </Axis>
                </Component>
                <Component fileName="Exp.Vis-Chc-M10-inox" name="Exp.Vis-Chc-M10-inox-49" wall="False">
                    <ConfigParams configuration="Défaut" fixed="False" visible="True">
                        <AxisValue>0.0</AxisValue>
                        <Transform>
                            <Rotation>0.923823731331293 1.24007921070903E-16 -0.382818120560048 1.06396123819547E-16 -1.0 -6.71772196340136E-17 -0.382818120560048 2.13295455472829E-17 -0.923823731331293</Rotation>
                            <Translation>-4980.85925429048 2027.20240095423 2250.13625056023</Translation>
                            <Scale>1.0</Scale>
                        </Transform>
                    </ConfigParams>
                    <Material>
                        <Diffuse>0.800000011920929 0.800000011920929 0.800000011920929 1.0</Diffuse>
                        <Specular>0.20000000298023224 0.20000000298023224 0.20000000298023224 1.0</Specular>
                        <Shininess>100.0</Shininess>
                    </Material>
                    <Axis method="Computed" type="Fixed">
                        <Direction>0.0 0.0 0.0</Direction>
                        <Position>0.0 0.0 0.0</Position>
                        <MinValue>-Infinity</MinValue>
                        <MaxValue>Infinity</MaxValue>
                    </Axis>
                </Component>
                <Component fileName="Exp.Vis-Chc-M10-inox" name="Exp.Vis-Chc-M10-inox-47" wall="False">
                    <ConfigParams configuration="Défaut" fixed="False" visible="True">
                        <AxisValue>0.0</AxisValue>
                        <Transform>
                            <Rotation>-0.382818120560052 1.09569313650096E-16 -0.923823731331291 1.16731925706492E-16 -1.0 -1.66976020237234E-16 -0.923823731331291 -1.71761169417473E-16 0.382818120560052</Rotation>
                            <Translation>-4508.33404184894 2027.20240095423 2161.14229791693</Translation>
                            <Scale>1.0</Scale>
                        </Transform>
                    </ConfigParams>
                    <Material>
                        <Diffuse>0.800000011920929 0.800000011920929 0.800000011920929 1.0</Diffuse>
                        <Specular>0.20000000298023224 0.20000000298023224 0.20000000298023224 1.0</Specular>
                        <Shininess>100.0</Shininess>
                    </Material>
                    <Axis method="Computed" type="Fixed">
                        <Direction>0.0 0.0 0.0</Direction>
                        <Position>0.0 0.0 0.0</Position>
                        <MinValue>-Infinity</MinValue>
                        <MaxValue>Infinity</MaxValue>
                    </Axis>
                </Component>
                <Component fileName="Exp.399-03-00-000-Aeroglisseur_O160_triple" name="Exp.399-03-00-000-Aeroglisseur_O160_triple-2" wall="False">
                    <ConfigParams configuration="Défaut" fixed="False" visible="True">
                        <AxisValue>0.0</AxisValue>
                        <Transform>
                            <Rotation>0.331074845462182 1.62330457369813E-17 -0.943604496970098 9.31919975860025E-17 1.0 4.99007498239713E-17 0.943604496970098 -1.04457271040197E-16 0.331074845462182</Rotation>
                            <Translation>-4543.75645517914 1984.79773798004 2055.45612783798</Translation>
                            <Scale>1.0</Scale>
                        </Transform>
                    </ConfigParams>
                    <Material>
                        <Diffuse>0.800000011920929 0.800000011920929 0.800000011920929 1.0</Diffuse>
                        <Specular>0.20000000298023224 0.20000000298023224 0.20000000298023224 1.0</Specular>
                        <Shininess>100.0</Shininess>
                    </Material>
                    <Axis method="Computed" type="Fixed">
                        <Direction>0.0 0.0 0.0</Direction>
                        <Position>0.0 0.0 0.0</Position>
                        <MinValue>-Infinity</MinValue>
                        <MaxValue>Infinity</MaxValue>
                    </Axis>
                    <Component fileName="Exp.399-00-00-000-Aeroglisseur_O160_simple" name="Exp.399-00-00-000-Aeroglisseur_O160_simple-2" wall="False">
                        <ConfigParams configuration="Défaut" fixed="False" visible="True">
                            <AxisValue>0.0</AxisValue>
                            <Transform>
                                <Rotation>0.564016558526821 -2.07180850428312E-14 -0.825763478065942 9.1697219167826E-15 1.0 -1.88264684230054E-14 0.825763478065942 3.04641846625744E-15 0.564016558526821</Rotation>
                                <Translation>-4525.71086055741 1925.20240095423 2151.27160944064</Translation>
                                <Scale>1.0</Scale>
                            </Transform>
                        </ConfigParams>
                        <Material>
                            <Diffuse>0.800000011920929 0.800000011920929 0.800000011920929 1.0</Diffuse>
                            <Specular>0.20000000298023224 0.20000000298023224 0.20000000298023224 1.0</Specular>
                            <Shininess>100.0</Shininess>
                        </Material>
                        <Axis method="Computed" type="Fixed">
                            <Direction>0.0 0.0 0.0</Direction>
                            <Position>0.0 0.0 0.0</Position>
                            <MinValue>-Infinity</MinValue>
                            <MaxValue>Infinity</MaxValue>
                        </Axis>
                        <Component fileName="Exp.399-00-00-002-B-Distributeur" name="Exp.399-00-00-002-B-Distributeur-1" wall="False">
                            <ConfigParams configuration="Défaut" fixed="False" visible="True">
                                <AxisValue>0.0</AxisValue>
                                <Transform>
                                    <Rotation>-0.982722888232432 -1.65197981956357E-15 0.185083021760797 0.185083021760797 3.09274949564715E-15 0.982722888232432 -2.19585380178676E-15 1.0 -2.73356230004908E-15</Rotation>
                                    <Translation>-4525.71086055741 1918.20240095424 2151.27160944064</Translation>
                                    <Scale>1.0</Scale>
                                </Transform>
                            </ConfigParams>
                            <Material>
                                <Diffuse>0.800000011920929 0.800000011920929 0.800000011920929 1.0</Diffuse>
                                <Specular>0.20000000298023224 0.20000000298023224 0.20000000298023224 1.0</Specular>
                                <Shininess>100.0</Shininess>
                            </Material>
                            <Axis method="Computed" type="Fixed">
                                <Direction>0.0 0.0 0.0</Direction>
                                <Position>0.0 0.0 0.0</Position>
                                <MinValue>-Infinity</MinValue>
                                <MaxValue>Infinity</MaxValue>
                            </Axis>
                        </Component>
                        <Component fileName="Exp.399-00-00-004-Vis_dquoteappui" name="Exp.399-00-00-004-Vis_dquoteappui-1" wall="False">
                            <ConfigParams configuration="Défaut" fixed="False" visible="True">
                                <AxisValue>0.0</AxisValue>
                                <Transform>
                                    <Rotation>0.651648042770234 3.09497614298892E-15 0.758521475209321 0.758521475209321 -2.61634913660183E-16 -0.651648042770234 -1.81837944532353E-15 1.0 -2.51809974912462E-15</Rotation>
                                    <Translation>-4525.71086055742 1943.20240095423 2151.27160944064</Translation>
                                    <Scale>1.0</Scale>
                                </Transform>
                            </ConfigParams>
                            <Material>
                                <Diffuse>0.800000011920929 0.800000011920929 0.800000011920929 1.0</Diffuse>
                                <Specular>0.20000000298023224 0.20000000298023224 0.20000000298023224 1.0</Specular>
                                <Shininess>100.0</Shininess>
                            </Material>
                            <Axis method="Computed" type="Fixed">
                                <Direction>0.0 0.0 0.0</Direction>
                                <Position>0.0 0.0 0.0</Position>
                                <MinValue>-Infinity</MinValue>
                                <MaxValue>Infinity</MaxValue>
                            </Axis>
                            <Component fileName="Exp.399-00-Vis_dquoteappui_sans_bille" name="Exp.399-00-Vis_dquoteappui_sans_bille-1" wall="False">
                                <ConfigParams configuration="Défaut" fixed="True" visible="True">
                                    <AxisValue>0.0</AxisValue>
                                    <Transform>
                                        <Rotation>0.651648042770234 3.09497614298892E-15 0.758521475209321 0.758521475209321 -2.61634913660183E-16 -0.651648042770234 -1.81837944532353E-15 1.0 -2.51809974912462E-15</Rotation>
                                        <Translation>-4525.71086055742 1943.20240095423 2151.27160944064</Translation>
                                        <Scale>1.0</Scale>
                                    </Transform>
                                </ConfigParams>
                                <Material>
                                    <Diffuse>0.800000011920929 0.800000011920929 0.800000011920929 1.0</Diffuse>
                                    <Specular>0.20000000298023224 0.20000000298023224 0.20000000298023224 1.0</Specular>
                                    <Shininess>100.0</Shininess>
                                </Material>
                                <Axis method="Computed" type="Fixed">
                                    <Direction>0.0 0.0 0.0</Direction>
                                    <Position>0.0 0.0 0.0</Position>
                                    <MinValue>-Infinity</MinValue>
                                    <MaxValue>Infinity</MaxValue>
                                </Axis>
                            </Component>
                        </Component>
                        <Component fileName="Exp.399-00-00-003-Attache" name="Exp.399-00-00-003-Attache-1" wall="False">
                            <ConfigParams configuration="Défaut" fixed="False" visible="True">
                                <AxisValue>0.0</AxisValue>
                                <Transform>
                                    <Rotation>0.185083021760771 2.96816510696295E-15 0.982722888232437 -2.20797128293306E-15 1.0 -2.60450544156993E-15 -0.982722888232437 -1.68777417898012E-15 0.185083021760771</Rotation>
                                    <Translation>-4533.11418142785 1939.20240095424 2111.96269391134</Translation>
                                    <Scale>1.0</Scale>
                                </Transform>
                            </ConfigParams>
                            <Material>
                                <Diffuse>0.800000011920929 0.800000011920929 0.800000011920929 1.0</Diffuse>
                                <Specular>0.20000000298023224 0.20000000298023224 0.20000000298023224 1.0</Specular>
                                <Shininess>100.0</Shininess>
                            </Material>
                            <Axis method="Computed" type="Fixed">
                                <Direction>0.0 0.0 0.0</Direction>
                                <Position>0.0 0.0 0.0</Position>
                                <MinValue>-Infinity</MinValue>
                                <MaxValue>Infinity</MaxValue>
                            </Axis>
                        </Component>
                        <Component fileName="Exp.399-00-00-001-D-Socle" name="Exp.399-00-00-001-D-Socle-2" wall="False">
                            <ConfigParams configuration="Défaut" fixed="False" visible="True">
                                <AxisValue>0.0</AxisValue>
                                <Transform>
                                    <Rotation>0.56401655852682 -2.08291073452937E-14 -0.825763478065942 0.825763478065942 3.04641846625744E-15 0.56401655852682 -9.23234033373723E-15 -1.0 1.89181465856297E-14</Rotation>
                                    <Translation>-4525.71086055741 1925.20240095423 2151.27160944064</Translation>
                                    <Scale>1.0</Scale>
                                </Transform>
                            </ConfigParams>
                            <Material>
                                <Diffuse>0.800000011920929 0.800000011920929 0.800000011920929 1.0</Diffuse>
                                <Specular>0.20000000298023224 0.20000000298023224 0.20000000298023224 1.0</Specular>
                                <Shininess>100.0</Shininess>
                            </Material>
                            <Axis method="Computed" type="Fixed">
                                <Direction>0.0 0.0 0.0</Direction>
                                <Position>0.0 0.0 0.0</Position>
                                <MinValue>-Infinity</MinValue>
                                <MaxValue>Infinity</MaxValue>
                            </Axis>
                        </Component>
                        <Component fileName="Exp.399-00-Joint_torique_5.3_x_53" name="Exp.399-00-Joint_torique_5.3_x_53-1" wall="False">
                            <ConfigParams configuration="Défaut" fixed="False" visible="True">
                                <AxisValue>0.0</AxisValue>
                                <Transform>
                                    <Rotation>0.564016558526821 -2.07180850428312E-14 -0.825763478065942 9.1697219167826E-15 1.0 -1.88264684230054E-14 0.825763478065942 3.04641846625744E-15 0.564016558526821</Rotation>
                                    <Translation>-4525.71086055741 1923.35240095423 2151.27160944064</Translation>
                                    <Scale>1.0</Scale>
                                </Transform>
                            </ConfigParams>
                            <Material>
                                <Diffuse>0.800000011920929 0.800000011920929 0.800000011920929 1.0</Diffuse>
                                <Specular>0.20000000298023224 0.20000000298023224 0.20000000298023224 1.0</Specular>
                                <Shininess>100.0</Shininess>
                            </Material>
                            <Axis method="Computed" type="Fixed">
                                <Direction>0.0 0.0 0.0</Direction>
                                <Position>0.0 0.0 0.0</Position>
                                <MinValue>-Infinity</MinValue>
                                <MaxValue>Infinity</MaxValue>
                            </Axis>
                        </Component>
                    </Component>
                    <Component fileName="Exp.399-00-00-000-Aeroglisseur_O160_simple" name="Exp.399-00-00-000-Aeroglisseur_O160_simple-3" wall="False">
                        <ConfigParams configuration="Défaut" fixed="False" visible="True">
                            <AxisValue>0.0</AxisValue>
                            <Transform>
                                <Rotation>0.433123870259086 -2.079207037122E-14 0.901334406872272 1.19023422728713E-14 1.0 1.73485908244725E-14 -0.901334406872272 3.21390181147243E-15 0.433123870259086</Rotation>
                                <Translation>-4635.75789363372 1925.20240095423 2023.17633040544</Translation>
                                <Scale>1.0</Scale>
                            </Transform>
                        </ConfigParams>
                        <Material>
                            <Diffuse>0.800000011920929 0.800000011920929 0.800000011920929 1.0</Diffuse>
                            <Specular>0.20000000298023224 0.20000000298023224 0.20000000298023224 1.0</Specular>
                            <Shininess>100.0</Shininess>
                        </Material>
                        <Axis method="Computed" type="Fixed">
                            <Direction>0.0 0.0 0.0</Direction>
                            <Position>0.0 0.0 0.0</Position>
                            <MinValue>-Infinity</MinValue>
                            <MaxValue>Infinity</MaxValue>
                        </Axis>
                        <Component fileName="Exp.399-00-00-002-B-Distributeur" name="Exp.399-00-00-002-B-Distributeur-1" wall="False">
                            <ConfigParams configuration="Défaut" fixed="False" visible="True">
                                <AxisValue>0.0</AxisValue>
                                <Transform>
                                    <Rotation>0.331074845462182 -1.7180929012889E-15 -0.943604496970099 -0.943604496970099 3.26349363219646E-15 -0.331074845462182 3.62582271762754E-15 1.0 -5.40313345527574E-16</Rotation>
                                    <Translation>-4635.75789363372 1918.20240095424 2023.17633040544</Translation>
                                    <Scale>1.0</Scale>
                                </Transform>
                            </ConfigParams>
                            <Material>
                                <Diffuse>0.800000011920929 0.800000011920929 0.800000011920929 1.0</Diffuse>
                                <Specular>0.20000000298023224 0.20000000298023224 0.20000000298023224 1.0</Specular>
                                <Shininess>100.0</Shininess>
                            </Material>
                            <Axis method="Computed" type="Fixed">
                                <Direction>0.0 0.0 0.0</Direction>
                                <Position>0.0 0.0 0.0</Position>
                                <MinValue>-Infinity</MinValue>
                                <MaxValue>Infinity</MaxValue>
                            </Axis>
                        </Component>
                        <Component fileName="Exp.399-00-00-004-Vis_dquoteappui" name="Exp.399-00-00-004-Vis_dquoteappui-1" wall="False">
                            <ConfigParams configuration="Défaut" fixed="False" visible="True">
                                <AxisValue>0.0</AxisValue>
                                <Transform>
                                    <Rotation>-0.982722888232438 3.27590144365054E-15 0.185083021760766 0.185083021760766 -2.89751373638222E-16 0.982722888232438 3.27293138806136E-15 1.0 -3.21568431410249E-16</Rotation>
                                    <Translation>-4635.75789363371 1943.20240095423 2023.17633040543</Translation>
                                    <Scale>1.0</Scale>
                                </Transform>
                            </ConfigParams>
                            <Material>
                                <Diffuse>0.800000011920929 0.800000011920929 0.800000011920929 1.0</Diffuse>
                                <Specular>0.20000000298023224 0.20000000298023224 0.20000000298023224 1.0</Specular>
                                <Shininess>100.0</Shininess>
                            </Material>
                            <Axis method="Computed" type="Fixed">
                                <Direction>0.0 0.0 0.0</Direction>
                                <Position>0.0 0.0 0.0</Position>
                                <MinValue>-Infinity</MinValue>
                                <MaxValue>Infinity</MaxValue>
                            </Axis>
                            <Component fileName="Exp.399-00-Vis_dquoteappui_sans_bille" name="Exp.399-00-Vis_dquoteappui_sans_bille-1" wall="False">
                                <ConfigParams configuration="Défaut" fixed="True" visible="True">
                                    <AxisValue>0.0</AxisValue>
                                    <Transform>
                                        <Rotation>-0.982722888232438 3.27590144365054E-15 0.185083021760766 0.185083021760766 -2.89751373638222E-16 0.982722888232438 3.27293138806136E-15 1.0 -3.21568431410249E-16</Rotation>
                                        <Translation>-4635.75789363371 1943.20240095423 2023.17633040543</Translation>
                                        <Scale>1.0</Scale>
                                    </Transform>
                                </ConfigParams>
                                <Material>
                                    <Diffuse>0.800000011920929 0.800000011920929 0.800000011920929 1.0</Diffuse>
                                    <Specular>0.20000000298023224 0.20000000298023224 0.20000000298023224 1.0</Specular>
                                    <Shininess>100.0</Shininess>
                                </Material>
                                <Axis method="Computed" type="Fixed">
                                    <Direction>0.0 0.0 0.0</Direction>
                                    <Position>0.0 0.0 0.0</Position>
                                    <MinValue>-Infinity</MinValue>
                                    <MaxValue>Infinity</MaxValue>
                                </Axis>
                            </Component>
                        </Component>
                        <Component fileName="Exp.399-00-00-003-Attache" name="Exp.399-00-00-003-Attache-1" wall="False">
                            <ConfigParams configuration="Défaut" fixed="False" visible="True">
                                <AxisValue>0.0</AxisValue>
                                <Transform>
                                    <Rotation>-0.943604496970089 3.13890924351227E-15 -0.331074845462207 3.54255683155535E-15 1.0 -6.15762013664513E-16 0.331074845462207 -1.75388726070545E-15 -0.943604496970089</Rotation>
                                    <Translation>-4598.01371375491 1939.20240095424 2036.41932422393</Translation>
                                    <Scale>1.0</Scale>
                                </Transform>
                            </ConfigParams>
                            <Material>
                                <Diffuse>0.800000011920929 0.800000011920929 0.800000011920929 1.0</Diffuse>
                                <Specular>0.20000000298023224 0.20000000298023224 0.20000000298023224 1.0</Specular>
                                <Shininess>100.0</Shininess>
                            </Material>
                            <Axis method="Computed" type="Fixed">
                                <Direction>0.0 0.0 0.0</Direction>
                                <Position>0.0 0.0 0.0</Position>
                                <MinValue>-Infinity</MinValue>
                                <MaxValue>Infinity</MaxValue>
                            </Axis>
                        </Component>
                        <Component fileName="Exp.399-00-00-001-D-Socle" name="Exp.399-00-00-001-D-Socle-2" wall="False">
                            <ConfigParams configuration="Défaut" fixed="False" visible="True">
                                <AxisValue>0.0</AxisValue>
                                <Transform>
                                    <Rotation>0.433123870259086 -2.09030926736825E-14 0.901334406872272 -0.901334406872272 3.21390181147243E-15 0.433123870259086 -1.19504286821989E-14 -1.0 -1.74486590456121E-14</Rotation>
                                    <Translation>-4635.75789363372 1925.20240095423 2023.17633040544</Translation>
                                    <Scale>1.0</Scale>
                                </Transform>
                            </ConfigParams>
                            <Material>
                                <Diffuse>0.800000011920929 0.800000011920929 0.800000011920929 1.0</Diffuse>
                                <Specular>0.20000000298023224 0.20000000298023224 0.20000000298023224 1.0</Specular>
                                <Shininess>100.0</Shininess>
                            </Material>
                            <Axis method="Computed" type="Fixed">
                                <Direction>0.0 0.0 0.0</Direction>
                                <Position>0.0 0.0 0.0</Position>
                                <MinValue>-Infinity</MinValue>
                                <MaxValue>Infinity</MaxValue>
                            </Axis>
                        </Component>
                        <Component fileName="Exp.399-00-Joint_torique_5.3_x_53" name="Exp.399-00-Joint_torique_5.3_x_53-1" wall="False">
                            <ConfigParams configuration="Défaut" fixed="False" visible="True">
                                <AxisValue>0.0</AxisValue>
                                <Transform>
                                    <Rotation>0.433123870259086 -2.079207037122E-14 0.901334406872272 1.19023422728713E-14 1.0 1.73485908244725E-14 -0.901334406872272 3.21390181147243E-15 0.433123870259086</Rotation>
                                    <Translation>-4635.75789363372 1923.35240095423 2023.17633040544</Translation>
                                    <Scale>1.0</Scale>
                                </Transform>
                            </ConfigParams>
                            <Material>
                                <Diffuse>0.800000011920929 0.800000011920929 0.800000011920929 1.0</Diffuse>
                                <Specular>0.20000000298023224 0.20000000298023224 0.20000000298023224 1.0</Specular>
                                <Shininess>100.0</Shininess>
                            </Material>
                            <Axis method="Computed" type="Fixed">
                                <Direction>0.0 0.0 0.0</Direction>
                                <Position>0.0 0.0 0.0</Position>
                                <MinValue>-Infinity</MinValue>
                                <MaxValue>Infinity</MaxValue>
                            </Axis>
                        </Component>
                        <Component fileName="Exp.399-00-00-005-Ecrou" name="Exp.399-00-00-005-Ecrou-1" wall="False">
                            <ConfigParams configuration="Défaut" fixed="False" visible="True">
                                <AxisValue>0.0</AxisValue>
                                <Transform>
                                    <Rotation>0.65164804277023 -1.82475158684752E-15 0.758521475209323 -0.758521475209323 2.58780799200206E-15 0.65164804277023 -3.15200373576293E-15 -1.0 3.02226747507172E-16</Rotation>
                                    <Translation>-4635.7578936337 1992.20240095424 2023.17633040544</Translation>
                                    <Scale>1.0</Scale>
                                </Transform>
                            </ConfigParams>
                            <Material>
                                <Diffuse>0.800000011920929 0.800000011920929 0.800000011920929 1.0</Diffuse>
                                <Specular>0.20000000298023224 0.20000000298023224 0.20000000298023224 1.0</Specular>
                                <Shininess>100.0</Shininess>
                            </Material>
                            <Axis method="Computed" type="Fixed">
                                <Direction>0.0 0.0 0.0</Direction>
                                <Position>0.0 0.0 0.0</Position>
                                <MinValue>-Infinity</MinValue>
                                <MaxValue>Infinity</MaxValue>
                            </Axis>
                        </Component>
                    </Component>
                    <Component fileName="Exp.399-03-00-001-Disque" name="Exp.399-03-00-001-Disque-1" wall="False">
                        <ConfigParams configuration="Défaut" fixed="True" visible="True">
                            <AxisValue>0.0</AxisValue>
                            <Transform>
                                <Rotation>0.331074845462182 1.62330457369813E-17 -0.943604496970098 9.31919975860025E-17 1.0 4.99007498239713E-17 0.943604496970098 -1.04457271040197E-16 0.331074845462182</Rotation>
                                <Translation>-4543.75645517914 1984.79773798004 2055.45612783798</Translation>
                                <Scale>1.0</Scale>
                            </Transform>
                        </ConfigParams>
                        <Material>
                            <Diffuse>0.800000011920929 0.800000011920929 0.800000011920929 1.0</Diffuse>
                            <Specular>0.20000000298023224 0.20000000298023224 0.20000000298023224 1.0</Specular>
                            <Shininess>100.0</Shininess>
                        </Material>
                        <Axis method="Computed" type="Fixed">
                            <Direction>0.0 0.0 0.0</Direction>
                            <Position>0.0 0.0 0.0</Position>
                            <MinValue>-Infinity</MinValue>
                            <MaxValue>Infinity</MaxValue>
                        </Axis>
                    </Component>
                    <Component fileName="Exp.399-03-Butee_axiale_spherique_IGUS_SAM20" name="Exp.399-03-Butee_axiale_spherique_IGUS_SAM20-1" wall="False">
                        <ConfigParams configuration="Défaut" fixed="False" visible="True">
                            <AxisValue>0.0</AxisValue>
                            <Transform>
                                <Rotation>0.510117017879423 -9.82310940493706E-18 -0.86010500990856 -0.86010500990856 8.04566352955949E-17 -0.510117017879423 1.14787697099074E-16 1.0 7.218506571508E-17</Rotation>
                                <Translation>-4543.75645517914 1976.05331083282 2055.45612783798</Translation>
                                <Scale>1.0</Scale>
                            </Transform>
                        </ConfigParams>
                        <Material>
                            <Diffuse>0.800000011920929 0.800000011920929 0.800000011920929 1.0</Diffuse>
                            <Specular>0.20000000298023224 0.20000000298023224 0.20000000298023224 1.0</Specular>
                            <Shininess>100.0</Shininess>
                        </Material>
                        <Axis method="Computed" type="Fixed">
                            <Direction>0.0 0.0 0.0</Direction>
                            <Position>0.0 0.0 0.0</Position>
                            <MinValue>-Infinity</MinValue>
                            <MaxValue>Infinity</MaxValue>
                        </Axis>
                    </Component>
                    <Component fileName="Exp.399-00-00-000-Aeroglisseur_O160_simple" name="Exp.399-00-00-000-Aeroglisseur_O160_simple-1" wall="False">
                        <ConfigParams configuration="Défaut" fixed="False" visible="True">
                            <AxisValue>0.0</AxisValue>
                            <Transform>
                                <Rotation>-0.997140428785911 -2.06100328753586E-14 -0.0755709288063235 -2.07924881968959E-14 1.0 1.62757984800496E-15 0.0755709288063235 3.19423331275692E-15 -0.997140428785911</Rotation>
                                <Translation>-4469.80061134622 1925.20240095423 1991.92044366789</Translation>
                                <Scale>1.0</Scale>
                            </Transform>
                        </ConfigParams>
                        <Material>
                            <Diffuse>0.800000011920929 0.800000011920929 0.800000011920929 1.0</Diffuse>
                            <Specular>0.20000000298023224 0.20000000298023224 0.20000000298023224 1.0</Specular>
                            <Shininess>100.0</Shininess>
                        </Material>
                        <Axis method="Computed" type="Fixed">
                            <Direction>0.0 0.0 0.0</Direction>
                            <Position>0.0 0.0 0.0</Position>
                            <MinValue>-Infinity</MinValue>
                            <MaxValue>Infinity</MaxValue>
                        </Axis>
                        <Component fileName="Exp.399-00-00-002-B-Distributeur" name="Exp.399-00-00-002-B-Distributeur-1" wall="False">
                            <ConfigParams configuration="Défaut" fixed="False" visible="True">
                                <AxisValue>0.0</AxisValue>
                                <Transform>
                                    <Rotation>0.651648042770258 -1.83290512022518E-15 0.7585214752093 0.7585214752093 3.12086595562519E-15 -0.651648042770258 -1.16198296218865E-15 1.0 3.40435574324504E-15</Rotation>
                                    <Translation>-4469.80061134622 1918.20240095424 1991.92044366789</Translation>
                                    <Scale>1.0</Scale>
                                </Transform>
                            </ConfigParams>
                            <Material>
                                <Diffuse>0.800000011920929 0.800000011920929 0.800000011920929 1.0</Diffuse>
                                <Specular>0.20000000298023224 0.20000000298023224 0.20000000298023224 1.0</Specular>
                                <Shininess>100.0</Shininess>
                            </Material>
                            <Axis method="Computed" type="Fixed">
                                <Direction>0.0 0.0 0.0</Direction>
                                <Position>0.0 0.0 0.0</Position>
