<?xml version="1.0" encoding="UTF-8" standalone="no"?>
<Nomad3DXML state="edited">
    <RootComponent fileName="Exp.731-49-00-000_Ass_Zone_Thales_+_table_+_spectro_secondaire_schema" name="Exp.731-49-00-000_Ass_Zone_Thales_+_table_+_spectro_secondaire_schema" wall="False">
        <ConfigParams configuration="Défaut" fixed="True" visible="True">
            <AxisValue>0.0</AxisValue>
            <Transform>
                <Rotation>1.0 0.0 0.0 0.0 1.0 0.0 0.0 0.0 1.0</Rotation>
                <Translation>0.0 0.0 0.0</Translation>
                <Scale>1.0</Scale>
            </Transform>
        </ConfigParams>
        <ConfigParams configuration="median" fixed="False" visible="True">
            <AxisValue>0.0</AxisValue>
            <Transform>
                <Rotation>1.0 0.0 0.0 0.0 1.0 0.0 0.0 0.0 1.0</Rotation>
                <Translation>0.0 0.0 0.0</Translation>
                <Scale>1.0</Scale>
            </Transform>
        </ConfigParams>
        <Material>
            <Diffuse>0.800000011920929 0.800000011920929 0.800000011920929 1.0</Diffuse>
            <Specular>0.20000000298023224 0.20000000298023224 0.20000000298023224 1.0</Specular>
            <Shininess>100.0</Shininess>
        </Material>
        <Axis method="Computed" type="Fixed">
            <Direction>0.0 0.0 0.0</Direction>
            <Position>0.0 0.0 0.0</Position>
            <MinValue>-Infinity</MinValue>
            <MaxValue>Infinity</MaxValue>
        </Axis>
        <Component fileName="Exp.731-00-00-000-S-E_Tourelle_mono_AVS_2018_partie_fixe" name="Exp.731-00-00-000-S-E_Tourelle_mono_AVS_2018_partie_fixe-1" wall="True">
            <ConfigParams configuration="Défaut" fixed="False" visible="True">
                <AxisValue>0.0</AxisValue>
                <Transform>
                    <Rotation>1.0 0.0 0.0 0.0 1.0 0.0 0.0 0.0 1.0</Rotation>
                    <Translation>0.0 2954.20240095423 3.78546833090731E-13</Translation>
                    <Scale>1.0</Scale>
                </Transform>
            </ConfigParams>
            <ConfigParams configuration="median" fixed="False" visible="True">
                <AxisValue>0.0</AxisValue>
                <Transform>
                    <Rotation>1.0 0.0 0.0 0.0 1.0 0.0 0.0 0.0 1.0</Rotation>
                    <Translation>0.0 2954.20240095423 3.78546833090731E-13</Translation>
                    <Scale>1.0</Scale>
                </Transform>
            </ConfigParams>
            <Material>
                <Diffuse>0.800000011920929 0.800000011920929 0.800000011920929 1.0</Diffuse>
                <Specular>0.20000000298023224 0.20000000298023224 0.20000000298023224 1.0</Specular>
                <Shininess>100.0</Shininess>
            </Material>
            <Axis method="Computed" type="Fixed">
                <Direction>0.0 0.0 0.0</Direction>
                <Position>0.0 0.0 0.0</Position>
                <MinValue>-Infinity</MinValue>
                <MaxValue>Infinity</MaxValue>
            </Axis>
        </Component>
        <Component fileName="Exp.731-05-00-000-Protection" name="Exp.731-05-00-000-Protection-1" wall="True">
            <ConfigParams configuration="Défaut" fixed="False" visible="True">
                <AxisValue>0.0</AxisValue>
                <Transform>
                    <Rotation>0.999657324975963 -7.24600916259534E-17 0.0261769482923676 4.97575391167109E-17 1.0 8.67859047138466E-16 -0.0261769482923676 -8.66198118615756E-16 0.999657324975963</Rotation>
                    <Translation>17905.4669557958 1904.20240095422 35.4604732906465</Translation>
                    <Scale>1.0</Scale>
                </Transform>
            </ConfigParams>
            <ConfigParams configuration="median" fixed="False" visible="True">
                <AxisValue>0.0</AxisValue>
                <Transform>
                    <Rotation>0.9996573249773064 0.0 0.02617694829236683 0.0 1.0 0.0 -0.026176948293141322 0.0 0.9996573249759635</Rotation>
                    <Translation>17905.4669557958 1904.20240095422 35.4604732906465</Translation>
                    <Scale>1.0</Scale>
                </Transform>
            </ConfigParams>
            <Material>
                <Diffuse>0.800000011920929 0.800000011920929 0.800000011920929 1.0</Diffuse>
                <Specular>0.20000000298023224 0.20000000298023224 0.20000000298023224 1.0</Specular>
                <Shininess>100.0</Shininess>
            </Material>
            <Axis method="Computed" type="Fixed">
                <Direction>0.0 0.0 0.0</Direction>
                <Position>0.0 0.0 0.0</Position>
                <MinValue>-Infinity</MinValue>
                <MaxValue>Infinity</MaxValue>
            </Axis>
            <Component fileName="Exp.731-05-00-002-Mur_2" name="Exp.731-05-00-002-Mur_2-1" wall="True">
                <ConfigParams configuration="Défaut" fixed="False" visible="True">
                    <AxisValue>0.0</AxisValue>
                    <Transform>
                        <Rotation>0.0272989714574317 8.66116242015426E-16 -0.999627313631119 4.97575391167109E-17 1.0 8.67859047138466E-16 0.999627313631118 -7.34322877826526E-17 0.0272989714574318</Rotation>
                        <Translation>-5159.99999842522 1904.20240095424 5.47083212065758E-10</Translation>
                        <Scale>1.0</Scale>
                    </Transform>
                </ConfigParams>
                <ConfigParams configuration="median" fixed="False" visible="True">
                    <AxisValue>0.0</AxisValue>
                    <Transform>
                        <Rotation>0.02729897145763971 0.0 -0.9996273136311191 0.0 1.0 8.67859047141079E-16 0.9996273136312084 0.0 0.027298971457431803</Rotation>
                        <Translation>-5159.9999984252245 1904.2024009542397 5.469260599966219E-10</Translation>
                        <Scale>1.0</Scale>
                    </Transform>
                </ConfigParams>
                <Material>
                    <Diffuse>0.800000011920929 0.800000011920929 0.800000011920929 1.0</Diffuse>
                    <Specular>0.20000000298023224 0.20000000298023224 0.20000000298023224 1.0</Specular>
                    <Shininess>100.0</Shininess>
                </Material>
                <Axis method="Computed" type="Fixed">
                    <Direction>0.0 0.0 0.0</Direction>
                    <Position>0.0 0.0 0.0</Position>
                    <MinValue>-Infinity</MinValue>
                    <MaxValue>Infinity</MaxValue>
                </Axis>
            </Component>
            <Component fileName="Exp.731-05-00-009-Mur_9" name="Exp.731-05-00-009-Mur_9-1" wall="True">
                <ConfigParams configuration="Défaut" fixed="False" visible="True">
                    <AxisValue>0.0</AxisValue>
                    <Transform>
                        <Rotation>0.0272989714574331 8.66116242015425E-16 -0.999627313631118 4.97592053434462E-17 1.0 8.6779803363992E-16 0.999627313631118 -7.34306545170411E-17 0.0272989714574331</Rotation>
                        <Translation>-5159.99999842555 2304.20240095431 4.906838824148E-10</Translation>
                        <Scale>1.0</Scale>
                    </Transform>
                </ConfigParams>
                <ConfigParams configuration="median" fixed="False" visible="True">
                    <AxisValue>0.0</AxisValue>
                    <Transform>
                        <Rotation>0.02729897145763971 0.0 -0.9996273136311181 0.0 1.0 8.677980336787116E-16 0.9996273136312084 0.0 0.027298971457433104</Rotation>
                        <Translation>-5159.9999984255555 2304.2024009543097 4.905373884867004E-10</Translation>
                        <Scale>1.0</Scale>
                    </Transform>
                </ConfigParams>
                <Material>
                    <Diffuse>0.800000011920929 0.800000011920929 0.800000011920929 1.0</Diffuse>
                    <Specular>0.20000000298023224 0.20000000298023224 0.20000000298023224 1.0</Specular>
                    <Shininess>100.0</Shininess>
                </Material>
                <Axis method="Computed" type="Fixed">
                    <Direction>0.0 0.0 0.0</Direction>
                    <Position>0.0 0.0 0.0</Position>
                    <MinValue>-Infinity</MinValue>
                    <MaxValue>Infinity</MaxValue>
                </Axis>
            </Component>
            <Component fileName="Exp.731-05-00-001-Mur_1" name="Exp.731-05-00-001-Mur_1-1" wall="True">
                <ConfigParams configuration="Défaut" fixed="False" visible="True">
                    <AxisValue>0.0</AxisValue>
                    <Transform>
                        <Rotation>0.0272989714574317 8.66116242015426E-16 -0.999627313631119 4.97575391167109E-17 1.0 8.67859047138466E-16 0.999627313631118 -7.34322877826526E-17 0.0272989714574318</Rotation>
                        <Translation>-5159.99999842522 1904.20240095424 5.47527301275608E-10</Translation>
                        <Scale>1.0</Scale>
                    </Transform>
                </ConfigParams>
                <ConfigParams configuration="median" fixed="False" visible="True">
                    <AxisValue>0.0</AxisValue>
                    <Transform>
                        <Rotation>0.02729897145763971 0.0 -0.9996273136311191 0.0 1.0 8.67859047141079E-16 0.9996273136312084 0.0 0.027298971457431803</Rotation>
                        <Translation>-5159.9999984252245 1904.2024009542397 5.473808073475084E-10</Translation>
                        <Scale>1.0</Scale>
                    </Transform>
                </ConfigParams>
                <Material>
                    <Diffuse>0.800000011920929 0.800000011920929 0.800000011920929 1.0</Diffuse>
                    <Specular>0.20000000298023224 0.20000000298023224 0.20000000298023224 1.0</Specular>
                    <Shininess>100.0</Shininess>
                </Material>
                <Axis method="Computed" type="Fixed">
                    <Direction>0.0 0.0 0.0</Direction>
                    <Position>0.0 0.0 0.0</Position>
                    <MinValue>-Infinity</MinValue>
                    <MaxValue>Infinity</MaxValue>
                </Axis>
            </Component>
            <Component fileName="Exp.731-05-00-005-Mur_5" name="Exp.731-05-00-005-Mur_5-1" wall="True">
                <ConfigParams configuration="Défaut" fixed="False" visible="True">
                    <AxisValue>0.0</AxisValue>
                    <Transform>
                        <Rotation>0.0272989714574283 9.53813812521869E-16 -0.999627313631118 1.53260724021026E-18 1.0 9.54211272657528E-16 0.999627313631118 -2.75810223550172E-17 0.0272989714574283</Rotation>
                        <Translation>-5286.08434734726 1904.20240095424 10.9327030299157</Translation>
                        <Scale>1.0</Scale>
                    </Transform>
                </ConfigParams>
                <ConfigParams configuration="median" fixed="False" visible="True">
                    <AxisValue>0.0</AxisValue>
                    <Transform>
                        <Rotation>0.02729897145763971 0.0 -0.9996273136311178 0.0 1.0 1.7763568394002505E-15 0.9996273136312084 0.0 0.027298971457428323</Rotation>
                        <Translation>-5286.084347347263 1904.2024009542397 10.932703029915594</Translation>
                        <Scale>1.0</Scale>
                    </Transform>
                </ConfigParams>
                <Material>
                    <Diffuse>0.800000011920929 0.800000011920929 0.800000011920929 1.0</Diffuse>
                    <Specular>0.20000000298023224 0.20000000298023224 0.20000000298023224 1.0</Specular>
                    <Shininess>100.0</Shininess>
                </Material>
                <Axis method="Computed" type="Fixed">
                    <Direction>0.0 0.0 0.0</Direction>
                    <Position>0.0 0.0 0.0</Position>
                    <MinValue>-Infinity</MinValue>
                    <MaxValue>Infinity</MaxValue>
                </Axis>
            </Component>
            <Component fileName="Exp.731-05-00-007-Mur_7" name="Exp.731-05-00-007-Mur_7-1" wall="True">
                <ConfigParams configuration="Défaut" fixed="False" visible="True">
                    <AxisValue>0.0</AxisValue>
                    <Transform>
                        <Rotation>-0.0863853009734479 5.20699857076265E-16 -0.996261802828818 1.96770299637816E-17 1.0 5.20947455224033E-16 0.996261802828818 2.53987293648461E-17 -0.0863853009734479</Rotation>
                        <Translation>-5159.9999984253 1904.20240095424 3.60343699323806E-10</Translation>
                        <Scale>1.0</Scale>
                    </Transform>
                </ConfigParams>
                <ConfigParams configuration="median" fixed="False" visible="True">
                    <AxisValue>0.0</AxisValue>
                    <Transform>
                        <Rotation>-0.08638530097323383 0.0 -0.9962618028288182 0.0 1.0 5.209474552485428E-16 0.9962618028284851 0.0 -0.0863853009734479</Rotation>
                        <Translation>-5159.9999984253045 1904.2024009542397 3.602522724577284E-10</Translation>
                        <Scale>1.0</Scale>
                    </Transform>
                </ConfigParams>
                <Material>
                    <Diffuse>0.800000011920929 0.800000011920929 0.800000011920929 1.0</Diffuse>
                    <Specular>0.20000000298023224 0.20000000298023224 0.20000000298023224 1.0</Specular>
                    <Shininess>100.0</Shininess>
                </Material>
                <Axis method="Computed" type="Fixed">
                    <Direction>0.0 0.0 0.0</Direction>
                    <Position>0.0 0.0 0.0</Position>
                    <MinValue>-Infinity</MinValue>
                    <MaxValue>Infinity</MaxValue>
                </Axis>
            </Component>
            <Component fileName="Exp.731-05-00-006-Mur_6" name="Exp.731-05-00-006-Mur_6-1" wall="True">
                <ConfigParams configuration="Défaut" fixed="False" visible="True">
                    <AxisValue>0.0</AxisValue>
                    <Transform>
                        <Rotation>0.0272989714574283 9.56965458934296E-16 -0.999627313631118 -2.61192125611677E-17 1.0 9.56608946410775E-16 0.999627313631118 -4.96203730806683E-21 0.0272989714574283</Rotation>
                        <Translation>-5200.16783044034 1904.20240095423 103.858152510707</Translation>
                        <Scale>1.0</Scale>
                    </Transform>
                </ConfigParams>
                <ConfigParams configuration="median" fixed="False" visible="True">
                    <AxisValue>0.0</AxisValue>
                    <Transform>
                        <Rotation>0.02729897145763971 0.0 -0.9996273136311231 0.0 1.0 0.0 0.9996273136312084 0.0 0.027298971457426546</Rotation>
                        <Translation>-5200.167830440343 1904.2024009542297 103.85815251070684</Translation>
                        <Scale>1.0</Scale>
                    </Transform>
                </ConfigParams>
                <Material>
                    <Diffuse>0.800000011920929 0.800000011920929 0.800000011920929 1.0</Diffuse>
                    <Specular>0.20000000298023224 0.20000000298023224 0.20000000298023224 1.0</Specular>
                    <Shininess>100.0</Shininess>
                </Material>
                <Axis method="Computed" type="Fixed">
                    <Direction>0.0 0.0 0.0</Direction>
                    <Position>0.0 0.0 0.0</Position>
                    <MinValue>-Infinity</MinValue>
                    <MaxValue>Infinity</MaxValue>
                </Axis>
            </Component>
            <Component fileName="Exp.731-05-00-008-Mur_8" name="Exp.731-05-00-008-Mur_8-1" wall="True">
                <ConfigParams configuration="Défaut" fixed="False" visible="True">
                    <AxisValue>0.0</AxisValue>
                    <Transform>
                        <Rotation>-0.0863853009734479 4.652088646358E-16 -0.996261802828818 8.48845474022111E-17 1.0 4.59594140978161E-16 0.996261802828818 -4.48650540332034E-17 -0.0863853009734479</Rotation>
                        <Translation>-5159.9999984253 1904.20240095423 3.61342900045969E-10</Translation>
                        <Scale>1.0</Scale>
                    </Transform>
                </ConfigParams>
                <ConfigParams configuration="median" fixed="False" visible="True">
                    <AxisValue>0.0</AxisValue>
                    <Transform>
                        <Rotation>-0.08638530097323383 0.0 -0.9962618028288182 0.0 1.0 4.595941409702162E-16 0.9962618028284851 0.0 -0.0863853009734479</Rotation>
                        <Translation>-5159.9999984253045 1904.2024009542297 3.6127545399722294E-10</Translation>
                        <Scale>1.0</Scale>
                    </Transform>
                </ConfigParams>
                <Material>
                    <Diffuse>0.800000011920929 0.800000011920929 0.800000011920929 1.0</Diffuse>
                    <Specular>0.20000000298023224 0.20000000298023224 0.20000000298023224 1.0</Specular>
                    <Shininess>100.0</Shininess>
                </Material>
                <Axis method="Computed" type="Fixed">
                    <Direction>0.0 0.0 0.0</Direction>
                    <Position>0.0 0.0 0.0</Position>
                    <MinValue>-Infinity</MinValue>
                    <MaxValue>Infinity</MaxValue>
                </Axis>
            </Component>
            <Component fileName="Exp.731-05-00-019-Bride_1" name="Exp.731-05-00-019-Bride_1-1" wall="True">
                <ConfigParams configuration="Défaut" fixed="False" visible="True">
                    <AxisValue>0.0</AxisValue>
                    <Transform>
                        <Rotation>-0.678873664798574 5.10195399732251E-16 -0.734255096845063 -1.0014506206683E-16 1.0 7.87497117449712E-16 0.734255096845063 6.0809926397692E-16 -0.678873664798574</Rotation>
                        <Translation>-9250.00948458711 3764.20240095423 3236.44801755509</Translation>
                        <Scale>1.0</Scale>
                    </Transform>
                </ConfigParams>
                <ConfigParams configuration="median" fixed="False" visible="True">
                    <AxisValue>0.0</AxisValue>
                    <Transform>
                        <Rotation>-0.6788736647977203 0.0 -0.7342550968451178 0.0 1.0 0.0 0.7342550968442083 0.0 -0.6788736647986298</Rotation>
                        <Translation>-9250.009484587117 3764.20240095423 3236.4480175550893</Translation>
                        <Scale>1.0</Scale>
                    </Transform>
                </ConfigParams>
                <Material>
                    <Diffuse>0.800000011920929 0.800000011920929 0.800000011920929 1.0</Diffuse>
                    <Specular>0.20000000298023224 0.20000000298023224 0.20000000298023224 1.0</Specular>
                    <Shininess>100.0</Shininess>
                </Material>
                <Axis method="Computed" type="Fixed">
                    <Direction>0.0 0.0 0.0</Direction>
                    <Position>0.0 0.0 0.0</Position>
                    <MinValue>-Infinity</MinValue>
                    <MaxValue>Infinity</MaxValue>
                </Axis>
            </Component>
            <Component fileName="Exp.731-05-00-015-Mur_15" name="Exp.731-05-00-015-Mur_15-1" wall="True">
                <ConfigParams configuration="Défaut" fixed="False" visible="True">
                    <AxisValue>0.0</AxisValue>
                    <Transform>
                        <Rotation>-0.0863853009734479 4.48006540853829E-16 -0.996261802828818 1.05099014267223E-16 1.0 4.40574485168494E-16 0.996261802828818 -6.66469739268932E-17 -0.0863853009734479</Rotation>
                        <Translation>-5160.00142740376 2304.20240095431 0.00134451656948892</Translation>
                        <Scale>1.0</Scale>
                    </Transform>
                </ConfigParams>
                <ConfigParams configuration="median" fixed="False" visible="True">
                    <AxisValue>0.0</AxisValue>
                    <Transform>
                        <Rotation>-0.08638530097323383 0.0 -0.9962618028288182 0.0 1.0 4.40619762898109E-16 0.9962618028284851 0.0 -0.0863853009734479</Rotation>
                        <Translation>-5160.001427403764 2304.2024009543097 0.0013445165694534467</Translation>
                        <Scale>1.0</Scale>
                    </Transform>
                </ConfigParams>
                <Material>
                    <Diffuse>0.800000011920929 0.800000011920929 0.800000011920929 1.0</Diffuse>
                    <Specular>0.20000000298023224 0.20000000298023224 0.20000000298023224 1.0</Specular>
                    <Shininess>100.0</Shininess>
                </Material>
                <Axis method="Computed" type="Fixed">
                    <Direction>0.0 0.0 0.0</Direction>
                    <Position>0.0 0.0 0.0</Position>
                    <MinValue>-Infinity</MinValue>
                    <MaxValue>Infinity</MaxValue>
                </Axis>
            </Component>
            <Component fileName="Exp.731-05-00-016-Mur_16" name="Exp.731-05-00-016-Mur_16-1" wall="True">
                <ConfigParams configuration="Défaut" fixed="False" visible="True">
                    <AxisValue>0.0</AxisValue>
                    <Transform>
                        <Rotation>-0.0863853009734482 4.69788460747518E-16 -0.996261802828818 1.24123892588651E-16 1.0 4.60849182060173E-16 0.996261802828818 -8.38578510784584E-17 -0.0863853009734482</Rotation>
                        <Translation>-5630.04370917516 2404.20240095431 442.260963579641</Translation>
                        <Scale>1.0</Scale>
                    </Transform>
                </ConfigParams>
                <ConfigParams configuration="median" fixed="False" visible="True">
                    <AxisValue>0.0</AxisValue>
                    <Transform>
                        <Rotation>-0.08638530097323383 0.0 -0.9962618028288261 0.0 1.0 0.0 0.9962618028284851 0.0 -0.0863853009734612</Rotation>
                        <Translation>-5630.043709175163 2404.2024009543097 442.26096357964104</Translation>
                        <Scale>1.0</Scale>
                    </Transform>
                </ConfigParams>
                <Material>
                    <Diffuse>0.800000011920929 0.800000011920929 0.800000011920929 1.0</Diffuse>
                    <Specular>0.20000000298023224 0.20000000298023224 0.20000000298023224 1.0</Specular>
                    <Shininess>100.0</Shininess>
                </Material>
                <Axis method="Computed" type="Fixed">
                    <Direction>0.0 0.0 0.0</Direction>
                    <Position>0.0 0.0 0.0</Position>
                    <MinValue>-Infinity</MinValue>
                    <MaxValue>Infinity</MaxValue>
                </Axis>
            </Component>
            <Component fileName="Exp.731-06-00-001-Potence_SAMS" name="Exp.731-06-00-001-Potence_SAMS-1" wall="True">
                <ConfigParams configuration="Défaut" fixed="False" visible="True">
                    <AxisValue>0.0</AxisValue>
                    <Transform>
                        <Rotation>0.813946318734209 4.33320470798691E-16 -0.580940091764227 4.78455164371475E-17 1.0 8.12996492867127E-16 0.580940091764227 -6.89483172254756E-16 0.81394631873421</Rotation>
                        <Translation>-2624.25851331869 1704.20240095423 5526.55130984596</Translation>
                        <Scale>1.0</Scale>
                    </Transform>
                </ConfigParams>
                <ConfigParams configuration="median" fixed="False" visible="True">
                    <AxisValue>0.0</AxisValue>
                    <Transform>
                        <Rotation>0.813946318733997 0.0 -0.5809400917642051 0.0 1.0 0.0 0.5809400917642051 0.0 0.8139463187344518</Rotation>
                        <Translation>-2624.258513318695 1704.2024009542297 5526.551309845959</Translation>
                        <Scale>1.0</Scale>
                    </Transform>
                </ConfigParams>
                <Material>
                    <Diffuse>0.800000011920929 0.800000011920929 0.800000011920929 1.0</Diffuse>
                    <Specular>0.20000000298023224 0.20000000298023224 0.20000000298023224 1.0</Specular>
                    <Shininess>100.0</Shininess>
                </Material>
                <Axis method="Computed" type="Fixed">
                    <Direction>0.0 0.0 0.0</Direction>
                    <Position>0.0 0.0 0.0</Position>
                    <MinValue>-Infinity</MinValue>
                    <MaxValue>Infinity</MaxValue>
                </Axis>
            </Component>
            <Component fileName="Exp.731-05-00-022-Mur_3_A" name="Exp.731-05-00-022-Mur_3_A-1" wall="True">
                <ConfigParams configuration="Défaut" fixed="False" visible="True">
                    <AxisValue>0.0</AxisValue>
                    <Transform>
                        <Rotation>0.0272989714574318 8.7999402982324E-16 -0.999627313631119 7.09097932123022E-17 1.0 8.83008978507896E-16 0.999627313631118 -1.01187863398281E-16 0.0272989714574317</Rotation>
                        <Translation>-5159.99999842522 1904.20240095424 5.42864364572182E-10</Translation>
                        <Scale>1.0</Scale>
                    </Transform>
                </ConfigParams>
                <ConfigParams configuration="median" fixed="False" visible="True">
                    <AxisValue>0.0</AxisValue>
                    <Transform>
                        <Rotation>0.02729897145763971 0.0 -0.9996273136311191 0.0 1.0 8.830089785536104E-16 0.9996273136312084 0.0 0.027298971457431702</Rotation>
                        <Translation>-5159.9999984252245 1904.2024009542397 5.427196470009221E-10</Translation>
                        <Scale>1.0</Scale>
                    </Transform>
                </ConfigParams>
                <Material>
                    <Diffuse>0.800000011920929 0.800000011920929 0.800000011920929 1.0</Diffuse>
                    <Specular>0.20000000298023224 0.20000000298023224 0.20000000298023224 1.0</Specular>
                    <Shininess>100.0</Shininess>
                </Material>
                <Axis method="Computed" type="Fixed">
                    <Direction>0.0 0.0 0.0</Direction>
                    <Position>0.0 0.0 0.0</Position>
                    <MinValue>-Infinity</MinValue>
                    <MaxValue>Infinity</MaxValue>
                </Axis>
            </Component>
            <Component fileName="Exp.731-05-00-033-Mur_14_B" name="Exp.731-05-00-033-Mur_14_B-2" wall="True">
                <ConfigParams configuration="Défaut" fixed="False" visible="True">
                    <AxisValue>0.0</AxisValue>
                    <Transform>
                        <Rotation>0.0687832420844006 8.62320097973492E-16 -0.997631628211716 4.97575391167109E-17 1.0 8.67859047138466E-16 0.997631628211716 -1.09332951130505E-16 0.0687832420844007</Rotation>
                        <Translation>-5159.99999842524 2404.20240095431 5.28431465252055E-10</Translation>
                        <Scale>1.0</Scale>
                    </Transform>
                </ConfigParams>
                <ConfigParams configuration="median" fixed="False" visible="True">
                    <AxisValue>0.0</AxisValue>
                    <Transform>
                        <Rotation>0.06878324208446429 0.0 -0.997631628211716 0.0 1.0 8.67859047141079E-16 0.9976316282118205 0.0 0.0687832420844007</Rotation>
                        <Translation>-5159.999998425243 2404.2024009543097 5.283951054479985E-10</Translation>
                        <Scale>1.0</Scale>
                    </Transform>
                </ConfigParams>
                <Material>
                    <Diffuse>0.800000011920929 0.800000011920929 0.800000011920929 1.0</Diffuse>
                    <Specular>0.20000000298023224 0.20000000298023224 0.20000000298023224 1.0</Specular>
                    <Shininess>100.0</Shininess>
                </Material>
                <Axis method="Computed" type="Fixed">
                    <Direction>0.0 0.0 0.0</Direction>
                    <Position>0.0 0.0 0.0</Position>
                    <MinValue>-Infinity</MinValue>
                    <MaxValue>Infinity</MaxValue>
                </Axis>
            </Component>
            <Component fileName="Exp.731-05-00-025-Mur_4_B" name="Exp.731-05-00-025-Mur_4_B-2" wall="True">
                <ConfigParams configuration="Défaut" fixed="False" visible="True">
                    <AxisValue>0.0</AxisValue>
                    <Transform>
                        <Rotation>0.027298971457432 8.31421772495889E-16 -0.999627313631118 2.1762198240492E-17 1.0 8.18537055806006E-16 0.999627313631119 -4.00049795522091E-17 0.027298971457432</Rotation>
                        <Translation>-5159.9999984252 1904.20240095424 5.42642319967257E-10</Translation>
                        <Scale>1.0</Scale>
                    </Transform>
                </ConfigParams>
                <ConfigParams configuration="median" fixed="False" visible="True">
                    <AxisValue>0.0</AxisValue>
                    <Transform>
                        <Rotation>0.02729897145763971 0.0 -0.9996273136311181 0.0 1.0 8.18537055847182E-16 0.9996273136312084 0.0 0.027298971457432</Rotation>
                        <Translation>-5159.999998425203 1904.2024009542397 5.424922733254789E-10</Translation>
                        <Scale>1.0</Scale>
                    </Transform>
                </ConfigParams>
                <Material>
                    <Diffuse>0.800000011920929 0.800000011920929 0.800000011920929 1.0</Diffuse>
                    <Specular>0.20000000298023224 0.20000000298023224 0.20000000298023224 1.0</Specular>
                    <Shininess>100.0</Shininess>
                </Material>
                <Axis method="Computed" type="Fixed">
                    <Direction>0.0 0.0 0.0</Direction>
                    <Position>0.0 0.0 0.0</Position>
                    <MinValue>-Infinity</MinValue>
                    <MaxValue>Infinity</MaxValue>
                </Axis>
            </Component>
            <Component fileName="Exp.731-05-00-026-Mur_11_A" name="Exp.731-05-00-026-Mur_11_A-1" wall="True">
                <ConfigParams configuration="Défaut" fixed="False" visible="True">
                    <AxisValue>0.0</AxisValue>
                    <Transform>
                        <Rotation>0.0272989714574331 8.66116242015425E-16 -0.999627313631118 4.97592053434462E-17 1.0 8.6779803363992E-16 0.999627313631118 -7.34306545170411E-17 0.0272989714574331</Rotation>
                        <Translation>-5159.99999842555 2304.20240095431 4.94014551488675E-10</Translation>
                        <Scale>1.0</Scale>
                    </Transform>
                </ConfigParams>
                <ConfigParams configuration="median" fixed="False" visible="True">
                    <AxisValue>0.0</AxisValue>
                    <Transform>
                        <Rotation>0.02729897145763971 0.0 -0.9996273136311181 0.0 1.0 8.677980336787116E-16 0.9996273136312084 0.0 0.027298971457433104</Rotation>
                        <Translation>-5159.9999984255555 2304.2024009543097 4.938343067806272E-10</Translation>
                        <Scale>1.0</Scale>
                    </Transform>
                </ConfigParams>
                <Material>
                    <Diffuse>0.800000011920929 0.800000011920929 0.800000011920929 1.0</Diffuse>
                    <Specular>0.20000000298023224 0.20000000298023224 0.20000000298023224 1.0</Specular>
                    <Shininess>100.0</Shininess>
                </Material>
                <Axis method="Computed" type="Fixed">
                    <Direction>0.0 0.0 0.0</Direction>
                    <Position>0.0 0.0 0.0</Position>
                    <MinValue>-Infinity</MinValue>
                    <MaxValue>Infinity</MaxValue>
                </Axis>
            </Component>
            <Component fileName="Exp.731-05-00-034-Bride_4" name="Exp.731-05-00-034-Bride_4-1" wall="True">
                <ConfigParams configuration="Défaut" fixed="False" visible="True">
                    <AxisValue>0.0</AxisValue>
                    <Transform>
                        <Rotation>0.678873664798572 -6.94818932221516E-16 0.734255096845065 6.67269424041416E-17 1.0 8.84596880677654E-16 -0.734255096845065 -5.51534928697896E-16 0.678873664798572</Rotation>
                        <Translation>-9401.4402798453 3764.20240095425 3366.90164005965</Translation>
                        <Scale>1.0</Scale>
                    </Transform>
                </ConfigParams>
                <ConfigParams configuration="median" fixed="False" visible="True">
                    <AxisValue>0.0</AxisValue>
                    <Transform>
                        <Rotation>0.6788736647977203 0.0 0.7342550968451178 0.0 1.0 0.0 -0.7342550968442083 0.0 0.6788736647986298</Rotation>
                        <Translation>-9401.440279845305 3764.20240095425 3366.90164005965</Translation>
                        <Scale>1.0</Scale>
                    </Transform>
                </ConfigParams>
                <Material>
                    <Diffuse>0.800000011920929 0.800000011920929 0.800000011920929 1.0</Diffuse>
                    <Specular>0.20000000298023224 0.20000000298023224 0.20000000298023224 1.0</Specular>
                    <Shininess>100.0</Shininess>
                </Material>
                <Axis method="Computed" type="Fixed">
                    <Direction>0.0 0.0 0.0</Direction>
                    <Position>0.0 0.0 0.0</Position>
                    <MinValue>-Infinity</MinValue>
                    <MaxValue>Infinity</MaxValue>
                </Axis>
            </Component>
            <Component fileName="Exp.731-05-00-023-Mur_3_B" name="Exp.731-05-00-023-Mur_3_B-1" wall="True">
                <ConfigParams configuration="Défaut" fixed="False" visible="True">
                    <AxisValue>0.0</AxisValue>
                    <Transform>
                        <Rotation>0.0272989714574292 9.62609652594802E-16 -0.999627313631118 -9.13613611631941E-17 1.0 9.60473536798932E-16 0.999627313631118 6.5107372362556E-17 0.0272989714574292</Rotation>
                        <Translation>-5159.99999842523 1904.20240095424 5.35980981819506E-10</Translation>
                        <Scale>1.0</Scale>
                    </Transform>
                </ConfigParams>
                <ConfigParams configuration="median" fixed="False" visible="True">
                    <AxisValue>0.0</AxisValue>
                    <Transform>
                        <Rotation>0.02729897145763971 0.0 -0.9996273136311181 0.0 1.0 9.60473536846238E-16 0.9996273136312084 0.0 0.027298971457429204</Rotation>
                        <Translation>-5159.999998425232 1904.2024009542397 5.357847498999035E-10</Translation>
                        <Scale>1.0</Scale>
                    </Transform>
                </ConfigParams>
                <Material>
                    <Diffuse>0.800000011920929 0.800000011920929 0.800000011920929 1.0</Diffuse>
                    <Specular>0.20000000298023224 0.20000000298023224 0.20000000298023224 1.0</Specular>
                    <Shininess>100.0</Shininess>
                </Material>
                <Axis method="Computed" type="Fixed">
                    <Direction>0.0 0.0 0.0</Direction>
                    <Position>0.0 0.0 0.0</Position>
                    <MinValue>-Infinity</MinValue>
                    <MaxValue>Infinity</MaxValue>
                </Axis>
            </Component>
            <Component fileName="Exp.731-05-00-034-Bride_4" name="Exp.731-05-00-034-Bride_4-14" wall="True">
                <ConfigParams configuration="Défaut" fixed="False" visible="True">
                    <AxisValue>0.0</AxisValue>
                    <Transform>
                        <Rotation>0.996261802828817 2.54432283355054E-17 -0.0863853009734569 5.67817265960939E-17 1.0 9.49481521591957E-16 0.0863853009734569 -9.50776822972446E-16 0.996261802828817</Rotation>
                        <Translation>-4527.14430387688 3764.20240095422 5365.3874465293</Translation>
                        <Scale>1.0</Scale>
                    </Transform>
                </ConfigParams>
                <ConfigParams configuration="median" fixed="False" visible="True">
                    <AxisValue>0.0</AxisValue>
                    <Transform>
                        <Rotation>0.9962618028284851 0.0 -0.08638530097323383 0.0 1.0 0.0 0.08638530097323383 0.0 0.9962618028284851</Rotation>
                        <Translation>-4527.144303876881 3764.20240095422 5365.3874465293</Translation>
                        <Scale>1.0</Scale>
                    </Transform>
                </ConfigParams>
                <Material>
                    <Diffuse>0.800000011920929 0.800000011920929 0.800000011920929 1.0</Diffuse>
                    <Specular>0.20000000298023224 0.20000000298023224 0.20000000298023224 1.0</Specular>
                    <Shininess>100.0</Shininess>
                </Material>
                <Axis method="Computed" type="Fixed">
                    <Direction>0.0 0.0 0.0</Direction>
                    <Position>0.0 0.0 0.0</Position>
                    <MinValue>-Infinity</MinValue>
                    <MaxValue>Infinity</MaxValue>
                </Axis>
            </Component>
            <Component fileName="Exp.731-05-00-034-Bride_4" name="Exp.731-05-00-034-Bride_4-7" wall="True">
                <ConfigParams configuration="Défaut" fixed="False" visible="True">
                    <AxisValue>0.0</AxisValue>
                    <Transform>
                        <Rotation>0.678873664798577 -7.19045764157454E-16 0.73425509684506 1.3293892763067E-17 1.0 9.66994840769593E-16 -0.73425509684506 -6.46706222876377E-16 0.678873664798577</Rotation>
                        <Translation>-7580.13496226665 3764.20240095425 5336.7861438873</Translation>
                        <Scale>1.0</Scale>
                    </Transform>
                </ConfigParams>
                <ConfigParams configuration="median" fixed="False" visible="True">
                    <AxisValue>0.0</AxisValue>
                    <Transform>
                        <Rotation>0.6788736647986298 0.0 0.7342550968451178 0.0 1.0 0.0 -0.7342550968451178 0.0 0.6788736647986298</Rotation>
                        <Translation>-7580.134962266657 3764.2024009542497 5336.7861438873</Translation>
                        <Scale>1.0</Scale>
                    </Transform>
                </ConfigParams>
                <Material>
                    <Diffuse>0.800000011920929 0.800000011920929 0.800000011920929 1.0</Diffuse>
                    <Specular>0.20000000298023224 0.20000000298023224 0.20000000298023224 1.0</Specular>
                    <Shininess>100.0</Shininess>
                </Material>
                <Axis method="Computed" type="Fixed">
                    <Direction>0.0 0.0 0.0</Direction>
                    <Position>0.0 0.0 0.0</Position>
                    <MinValue>-Infinity</MinValue>
                    <MaxValue>Infinity</MaxValue>
                </Axis>
            </Component>
            <Component fileName="Exp.731-05-00-017-Mur_17" name="Exp.731-05-00-017-Mur_17-1" wall="True">
                <ConfigParams configuration="Défaut" fixed="False" visible="True">
                    <AxisValue>0.0</AxisValue>
