<?xml version="1.0" encoding="UTF-8" standalone="no"?>
<Nomad3DXML state="converted">
    <RootComponent fileName="733-Ens_H142-D33" name="733-Ens_H142-D33" wall="False">
        <ConfigParams configuration="Défaut" fixed="True" visible="True">
            <AxisValue>0.0</AxisValue>
            <Transform>
                <Rotation>1.0 0.0 0.0 0.0 1.0 0.0 0.0 0.0 1.0</Rotation>
                <Translation>0.0 0.0 0.0</Translation>
                <Scale>1.0</Scale>
            </Transform>
        </ConfigParams>
        <Material>
            <Diffuse>0.800000011920929 0.800000011920929 0.800000011920929 1.0</Diffuse>
            <Specular>0.20000000298023224 0.20000000298023224 0.20000000298023224 1.0</Specular>
            <Shininess>100.0</Shininess>
        </Material>
        <Axis method="Computed" type="Fixed">
            <Direction>0.0 0.0 0.0</Direction>
            <Position>0.0 0.0 0.0</Position>
            <MinValue>-Infinity</MinValue>
            <MaxValue>Infinity</MaxValue>
        </Axis>
        <Component fileName="733-SE_Collimation" name="733-SE_Collimation-1" wall="False">
            <ConfigParams configuration="Défaut" fixed="False" visible="True">
                <AxisValue>0.0</AxisValue>
                <Transform>
                    <Rotation>0.0 0.0 1.0 5.55111512312578E-17 1.0 0.0 -1.0 5.55111512312578E-17 0.0</Rotation>
                    <Translation>0.0 0.0 0.0</Translation>
                    <Scale>1.0</Scale>
                </Transform>
            </ConfigParams>
            <Material>
                <Diffuse>0.800000011920929 0.800000011920929 0.800000011920929 1.0</Diffuse>
                <Specular>0.20000000298023224 0.20000000298023224 0.20000000298023224 1.0</Specular>
                <Shininess>100.0</Shininess>
            </Material>
            <Axis method="Computed" type="Fixed">
                <Direction>0.0 0.0 0.0</Direction>
                <Position>0.0 0.0 0.0</Position>
                <MinValue>-Infinity</MinValue>
                <MaxValue>Infinity</MaxValue>
            </Axis>
            <Component fileName="733-03-00-000-Ensemble_collimation_hors_casemate" name="733-03-00-000-Ensemble_collimation_hors_casemate-1" wall="False">
                <ConfigParams configuration="Défaut" fixed="False" visible="True">
                    <AxisValue>0.0</AxisValue>
                    <Transform>
                        <Rotation>1.0 0.0 0.0 0.0 1.0 0.0 0.0 0.0 1.0</Rotation>
                        <Translation>0.0 0.0 0.0</Translation>
                        <Scale>1.0</Scale>
                    </Transform>
                </ConfigParams>
                <Material>
                    <Diffuse>0.800000011920929 0.800000011920929 0.800000011920929 1.0</Diffuse>
                    <Specular>0.20000000298023224 0.20000000298023224 0.20000000298023224 1.0</Specular>
                    <Shininess>100.0</Shininess>
                </Material>
                <Axis method="Computed" type="Fixed">
                    <Direction>0.0 0.0 0.0</Direction>
                    <Position>0.0 0.0 0.0</Position>
                    <MinValue>-Infinity</MinValue>
                    <MaxValue>Infinity</MaxValue>
                </Axis>
                <Component fileName="733-03-05-000-SE_Chassis" name="733-03-05-000-SE_Chassis-1" wall="False">
                    <ConfigParams configuration="Défaut" fixed="False" visible="True">
                        <AxisValue>0.0</AxisValue>
                        <Transform>
                            <Rotation>0.999999999999686 -7.52777985824545E-17 7.92124604450754E-7 7.52776834930813E-17 1.0 1.4528314182731E-16 -7.92124604450754E-7 -1.45283082252682E-16 0.999999999999686</Rotation>
                            <Translation>9519.99951089434 -427.999999999999 -2.62407648430281E-5</Translation>
                            <Scale>1.0</Scale>
                        </Transform>
                    </ConfigParams>
                    <Material>
                        <Diffuse>0.800000011920929 0.800000011920929 0.800000011920929 1.0</Diffuse>
                        <Specular>0.20000000298023224 0.20000000298023224 0.20000000298023224 1.0</Specular>
                        <Shininess>100.0</Shininess>
                    </Material>
                    <Axis method="Computed" type="Fixed">
                        <Direction>0.0 0.0 0.0</Direction>
                        <Position>0.0 0.0 0.0</Position>
                        <MinValue>-Infinity</MinValue>
                        <MaxValue>Infinity</MaxValue>
                    </Axis>
                    <Component fileName="733-03-05-001-Structure_chassis" name="733-03-05-001-Structure_chassis-1" wall="False">
                        <ConfigParams configuration="Défaut" fixed="True" visible="True">
                            <AxisValue>0.0</AxisValue>
                            <Transform>
                                <Rotation>0.999999999999686 -7.52777985824545E-17 7.92124604450754E-7 7.52776834930813E-17 1.0 1.4528314182731E-16 -7.92124604450754E-7 -1.45283082252682E-16 0.999999999999686</Rotation>
                                <Translation>9519.99951089434 -427.999999999999 -2.62407648430281E-5</Translation>
                                <Scale>1.0</Scale>
                            </Transform>
                        </ConfigParams>
                        <Material>
                            <Diffuse>0.8666666746139526 0.9098039269447327 1.0 0.0</Diffuse>
                            <Specular>0.4333333373069763 0.45490196347236633 0.5 0.0</Specular>
                            <Shininess>0.300000011920929</Shininess>
                        </Material>
                        <Axis method="Computed" type="Fixed">
                            <Direction>0.0 0.0 0.0</Direction>
                            <Position>0.0 0.0 0.0</Position>
                            <MinValue>-Infinity</MinValue>
                            <MaxValue>Infinity</MaxValue>
                        </Axis>
                    </Component>
                    <Component fileName="733-03-05-002-Tole_Ndegree1" name="733-03-05-002-Tole_Ndegree1-2" wall="False">
                        <ConfigParams configuration="Défaut" fixed="False" visible="True">
                            <AxisValue>0.0</AxisValue>
                            <Transform>
                                <Rotation>-0.999999999999686 8.7936797312972E-17 -7.92124604533178E-7 8.79367042165148E-17 1.0 1.17527576239195E-16 7.92124604533178E-7 1.17527506582331E-16 -0.999999999999686</Rotation>
                                <Translation>11403.9995108937 -387.999999999995 0.00146612198822716</Translation>
                                <Scale>1.0</Scale>
                            </Transform>
                        </ConfigParams>
                        <Material>
                            <Diffuse>0.6470588445663452 0.6196078658103943 0.5882353186607361 0.0</Diffuse>
                            <Specular>0.4529411792755127 0.4337254762649536 0.4117647111415863 0.0</Specular>
                            <Shininess>0.300000011920929</Shininess>
                        </Material>
                        <Axis method="Computed" type="Fixed">
                            <Direction>0.0 0.0 0.0</Direction>
                            <Position>0.0 0.0 0.0</Position>
                            <MinValue>-Infinity</MinValue>
                            <MaxValue>Infinity</MaxValue>
                        </Axis>
                    </Component>
                    <Component fileName="733-03-Renfort_de_fixation_Elcom_8_noir" name="733-03-Renfort_de_fixation_Elcom_8_noir-1" wall="False">
                        <ConfigParams configuration="Défaut" fixed="False" visible="True">
                            <AxisValue>0.0</AxisValue>
                            <Transform>
                                <Rotation>0.707106781186325 -0.707106781186548 5.60116679318498E-7 0.707106781186326 0.707106781186547 5.60116679440693E-7 -7.92124604493562E-7 -6.20163554057956E-17 0.999999999999686</Rotation>
                                <Translation>7244.82642825362 -1220.67279746243 359.99817153876</Translation>
                                <Scale>1.0</Scale>
                            </Transform>
                        </ConfigParams>
                        <Material>
                            <Diffuse>0.800000011920929 0.800000011920929 0.800000011920929 1.0</Diffuse>
                            <Specular>0.20000000298023224 0.20000000298023224 0.20000000298023224 1.0</Specular>
                            <Shininess>100.0</Shininess>
                        </Material>
                        <Axis method="Computed" type="Fixed">
                            <Direction>0.0 0.0 0.0</Direction>
                            <Position>0.0 0.0 0.0</Position>
                            <MinValue>-Infinity</MinValue>
                            <MaxValue>Infinity</MaxValue>
                        </Axis>
                    </Component>
                    <Component fileName="733-03-Renfort_de_fixation_Elcom_8_noir" name="733-03-Renfort_de_fixation_Elcom_8_noir-6" wall="False">
                        <ConfigParams configuration="Défaut" fixed="False" visible="True">
                            <AxisValue>0.0</AxisValue>
                            <Transform>
                                <Rotation>5.60116679405069E-7 0.707106781186548 -0.707106781186326 5.60116679354121E-7 -0.707106781186547 -0.707106781186326 -0.999999999999686 4.75222229668256E-17 -7.92124604506265E-7</Rotation>
                                <Translation>7144.99927312082 -507.827202537564 300.170889939777</Translation>
                                <Scale>1.0</Scale>
                            </Transform>
                        </ConfigParams>
                        <Material>
                            <Diffuse>0.800000011920929 0.800000011920929 0.800000011920929 1.0</Diffuse>
                            <Specular>0.20000000298023224 0.20000000298023224 0.20000000298023224 1.0</Specular>
                            <Shininess>100.0</Shininess>
                        </Material>
                        <Axis method="Computed" type="Fixed">
                            <Direction>0.0 0.0 0.0</Direction>
                            <Position>0.0 0.0 0.0</Position>
                            <MinValue>-Infinity</MinValue>
                            <MaxValue>Infinity</MaxValue>
                        </Axis>
                    </Component>
                    <Component fileName="733-03-Renfort_de_fixation_Elcom_8_noir" name="733-03-Renfort_de_fixation_Elcom_8_noir-8" wall="False">
                        <ConfigParams configuration="Défaut" fixed="False" visible="True">
                            <AxisValue>0.0</AxisValue>
                            <Transform>
                                <Rotation>0.707106781186326 0.707106781186547 5.60116679482326E-7 0.707106781186325 -0.707106781186548 5.60116679276864E-7 7.92124604617287E-7 6.20163554057955E-17 -0.999999999999686</Rotation>
                                <Translation>7244.82642825362 -507.827202537564 359.998171538759</Translation>
                                <Scale>1.0</Scale>
                            </Transform>
                        </ConfigParams>
                        <Material>
                            <Diffuse>0.800000011920929 0.800000011920929 0.800000011920929 1.0</Diffuse>
                            <Specular>0.20000000298023224 0.20000000298023224 0.20000000298023224 1.0</Specular>
                            <Shininess>100.0</Shininess>
                        </Material>
                        <Axis method="Computed" type="Fixed">
                            <Direction>0.0 0.0 0.0</Direction>
                            <Position>0.0 0.0 0.0</Position>
                            <MinValue>-Infinity</MinValue>
                            <MaxValue>Infinity</MaxValue>
                        </Axis>
                    </Component>
                    <Component fileName="733-03-Renfort_de_fixation_Elcom_8_noir" name="733-03-Renfort_de_fixation_Elcom_8_noir-10" wall="False">
                        <ConfigParams configuration="Défaut" fixed="False" visible="True">
                            <AxisValue>0.0</AxisValue>
                            <Transform>
                                <Rotation>0.707106781186326 -0.707106781186547 5.60116679262987E-7 -0.707106781186326 -0.707106781186548 -5.60116679440693E-7 7.92124604506265E-7 1.45283082252682E-16 -0.999999999999686</Rotation>
                                <Translation>8027.1725935221 -507.827202523422 -360.001208745816</Translation>
                                <Scale>1.0</Scale>
                            </Transform>
                        </ConfigParams>
                        <Material>
                            <Diffuse>0.800000011920929 0.800000011920929 0.800000011920929 1.0</Diffuse>
                            <Specular>0.20000000298023224 0.20000000298023224 0.20000000298023224 1.0</Specular>
                            <Shininess>100.0</Shininess>
                        </Material>
                        <Axis method="Computed" type="Fixed">
                            <Direction>0.0 0.0 0.0</Direction>
                            <Position>0.0 0.0 0.0</Position>
                            <MinValue>-Infinity</MinValue>
                            <MaxValue>Infinity</MaxValue>
                        </Axis>
                    </Component>
                    <Component fileName="733-03-Renfort_de_fixation_Elcom_8_noir" name="733-03-Renfort_de_fixation_Elcom_8_noir-2" wall="False">
                        <ConfigParams configuration="Défaut" fixed="False" visible="True">
                            <AxisValue>0.0</AxisValue>
                            <Transform>
                                <Rotation>-0.707106781186326 -0.707106781186547 -5.60116679440693E-7 -0.707106781186326 0.707106781186547 -5.60116679221353E-7 7.92124604421314E-7 1.55096232504795E-16 -0.999999999999686</Rotation>
                                <Translation>8027.17202320653 -1220.67279746243 359.998791253958</Translation>
                                <Scale>1.0</Scale>
                            </Transform>
                        </ConfigParams>
                        <Material>
                            <Diffuse>0.800000011920929 0.800000011920929 0.800000011920929 1.0</Diffuse>
                            <Specular>0.20000000298023224 0.20000000298023224 0.20000000298023224 1.0</Specular>
                            <Shininess>100.0</Shininess>
                        </Material>
                        <Axis method="Computed" type="Fixed">
                            <Direction>0.0 0.0 0.0</Direction>
                            <Position>0.0 0.0 0.0</Position>
                            <MinValue>-Infinity</MinValue>
                            <MaxValue>Infinity</MaxValue>
                        </Axis>
                    </Component>
                    <Component fileName="733-03-05-002-Tole_Ndegree1" name="733-03-05-002-Tole_Ndegree1-1" wall="False">
                        <ConfigParams configuration="Défaut" fixed="False" visible="True">
                            <AxisValue>0.0</AxisValue>
                            <Transform>
                                <Rotation>0.999999999999686 -7.52777985824545E-17 7.92124604450754E-7 7.52776834930813E-17 1.0 1.4528314182731E-16 -7.92124604450754E-7 -1.45283082252682E-16 0.999999999999686</Rotation>
                                <Translation>7635.99951089493 -387.999999999995 -0.0015186035209547</Translation>
                                <Scale>1.0</Scale>
                            </Transform>
                        </ConfigParams>
                        <Material>
                            <Diffuse>0.6470588445663452 0.6196078658103943 0.5882353186607361 0.0</Diffuse>
                            <Specular>0.4529411792755127 0.4337254762649536 0.4117647111415863 0.0</Specular>
                            <Shininess>0.300000011920929</Shininess>
                        </Material>
                        <Axis method="Computed" type="Fixed">
                            <Direction>0.0 0.0 0.0</Direction>
                            <Position>0.0 0.0 0.0</Position>
                            <MinValue>-Infinity</MinValue>
                            <MaxValue>Infinity</MaxValue>
                        </Axis>
                    </Component>
                    <Component fileName="733-03-Renfort_de_fixation_Elcom_8_noir" name="733-03-Renfort_de_fixation_Elcom_8_noir-3" wall="False">
                        <ConfigParams configuration="Défaut" fixed="False" visible="True">
                            <AxisValue>0.0</AxisValue>
                            <Transform>
                                <Rotation>5.60116679326366E-7 -0.707106781186547 -0.707106781186326 5.60116679363435E-7 0.707106781186548 -0.707106781186325 0.999999999999686 -3.28854936382713E-17 7.92124604436876E-7</Rotation>
                                <Translation>7144.99927312082 -1220.67279746243 300.170889939779</Translation>
                                <Scale>1.0</Scale>
                            </Transform>
                        </ConfigParams>
                        <Material>
                            <Diffuse>0.800000011920929 0.800000011920929 0.800000011920929 1.0</Diffuse>
                            <Specular>0.20000000298023224 0.20000000298023224 0.20000000298023224 1.0</Specular>
                            <Shininess>100.0</Shininess>
                        </Material>
                        <Axis method="Computed" type="Fixed">
                            <Direction>0.0 0.0 0.0</Direction>
                            <Position>0.0 0.0 0.0</Position>
                            <MinValue>-Infinity</MinValue>
                            <MaxValue>Infinity</MaxValue>
                        </Axis>
                    </Component>
                    <Component fileName="733-03-Renfort_de_fixation_Elcom_8_noir" name="733-03-Renfort_de_fixation_Elcom_8_noir-4" wall="False">
                        <ConfigParams configuration="Défaut" fixed="False" visible="True">
                            <AxisValue>0.0</AxisValue>
                            <Transform>
                                <Rotation>-5.60116679412008E-7 -0.707106781186548 0.707106781186326 -5.60116679284733E-7 0.707106781186547 0.707106781186326 -0.999999999999686 8.91555863902689E-17 -7.92124604450754E-7</Rotation>
                                <Translation>7144.99974866935 -1220.67279746243 -300.174705013192</Translation>
                                <Scale>1.0</Scale>
                            </Transform>
                        </ConfigParams>
                        <Material>
                            <Diffuse>0.800000011920929 0.800000011920929 0.800000011920929 1.0</Diffuse>
                            <Specular>0.20000000298023224 0.20000000298023224 0.20000000298023224 1.0</Specular>
                            <Shininess>100.0</Shininess>
                        </Material>
                        <Axis method="Computed" type="Fixed">
                            <Direction>0.0 0.0 0.0</Direction>
                            <Position>0.0 0.0 0.0</Position>
                            <MinValue>-Infinity</MinValue>
                            <MaxValue>Infinity</MaxValue>
                        </Axis>
                    </Component>
                    <Component fileName="733-03-Renfort_de_fixation_Elcom_8_noir" name="733-03-Renfort_de_fixation_Elcom_8_noir-5" wall="False">
                        <ConfigParams configuration="Défaut" fixed="False" visible="True">
                            <AxisValue>0.0</AxisValue>
                            <Transform>
                                <Rotation>-5.60116679326366E-7 0.707106781186547 0.707106781186326 -5.60116679405069E-7 -0.707106781186548 0.707106781186326 0.999999999999686 -5.56516428489073E-17 7.9212460447038E-7</Rotation>
                                <Translation>7144.99974866935 -507.827202537564 -300.174705013194</Translation>
                                <Scale>1.0</Scale>
                            </Transform>
                        </ConfigParams>
                        <Material>
                            <Diffuse>0.800000011920929 0.800000011920929 0.800000011920929 1.0</Diffuse>
                            <Specular>0.20000000298023224 0.20000000298023224 0.20000000298023224 1.0</Specular>
                            <Shininess>100.0</Shininess>
                        </Material>
                        <Axis method="Computed" type="Fixed">
                            <Direction>0.0 0.0 0.0</Direction>
                            <Position>0.0 0.0 0.0</Position>
                            <MinValue>-Infinity</MinValue>
                            <MaxValue>Infinity</MaxValue>
                        </Axis>
                    </Component>
                    <Component fileName="733-03-Renfort_de_fixation_Elcom_8_noir" name="733-03-Renfort_de_fixation_Elcom_8_noir-7" wall="False">
                        <ConfigParams configuration="Défaut" fixed="False" visible="True">
                            <AxisValue>0.0</AxisValue>
                            <Transform>
                                <Rotation>0.707106781186326 -0.707106781186547 5.60116679262987E-7 -0.707106781186326 -0.707106781186548 -5.60116679440693E-7 7.92124604506265E-7 1.45283082252682E-16 -0.999999999999686</Rotation>
                                <Translation>8027.17202319239 -507.827202523422 359.998791253956</Translation>
                                <Scale>1.0</Scale>
                            </Transform>
                        </ConfigParams>
                        <Material>
                            <Diffuse>0.800000011920929 0.800000011920929 0.800000011920929 1.0</Diffuse>
                            <Specular>0.20000000298023224 0.20000000298023224 0.20000000298023224 1.0</Specular>
                            <Shininess>100.0</Shininess>
                        </Material>
                        <Axis method="Computed" type="Fixed">
                            <Direction>0.0 0.0 0.0</Direction>
                            <Position>0.0 0.0 0.0</Position>
                            <MinValue>-Infinity</MinValue>
                            <MaxValue>Infinity</MaxValue>
                        </Axis>
                    </Component>
                    <Component fileName="733-03-Renfort_de_fixation_Elcom_8_noir" name="733-03-Renfort_de_fixation_Elcom_8_noir-9" wall="False">
                        <ConfigParams configuration="Défaut" fixed="False" visible="True">
                            <AxisValue>0.0</AxisValue>
                            <Transform>
                                <Rotation>0.707106781186326 0.707106781186547 5.60116679482326E-7 0.707106781186325 -0.707106781186548 5.60116679276864E-7 7.92124604617287E-7 6.20163554057955E-17 -0.999999999999686</Rotation>
                                <Translation>7244.82699858333 -507.827202537564 -360.001828461014</Translation>
                                <Scale>1.0</Scale>
                            </Transform>
                        </ConfigParams>
                        <Material>
                            <Diffuse>0.800000011920929 0.800000011920929 0.800000011920929 1.0</Diffuse>
                            <Specular>0.20000000298023224 0.20000000298023224 0.20000000298023224 1.0</Specular>
                            <Shininess>100.0</Shininess>
                        </Material>
                        <Axis method="Computed" type="Fixed">
                            <Direction>0.0 0.0 0.0</Direction>
                            <Position>0.0 0.0 0.0</Position>
                            <MinValue>-Infinity</MinValue>
                            <MaxValue>Infinity</MaxValue>
                        </Axis>
                    </Component>
                    <Component fileName="733-03-_Plaque_de_base_8_80x40_M16_noir" name="733-03-_Plaque_de_base_8_80x40_M16_noir-1" wall="False">
                        <ConfigParams configuration="Défaut" fixed="False" visible="True">
                            <AxisValue>0.0</AxisValue>
                            <Transform>
                                <Rotation>0.999999999999686 -2.14923038398587E-16 7.92124604381365E-7 -7.92124604381365E-7 -1.45283082252682E-16 0.999999999999686 -2.14922923316216E-16 -1.0 -1.45283252498464E-16</Rotation>
                                <Translation>7124.99924157273 -1340.5 339.998076620701</Translation>
                                <Scale>1.0</Scale>
                            </Transform>
                        </ConfigParams>
                        <Material>
                            <Diffuse>0.800000011920929 0.800000011920929 0.800000011920929 1.0</Diffuse>
                            <Specular>0.20000000298023224 0.20000000298023224 0.20000000298023224 1.0</Specular>
                            <Shininess>100.0</Shininess>
                        </Material>
                        <Axis method="Computed" type="Fixed">
                            <Direction>0.0 0.0 0.0</Direction>
                            <Position>0.0 0.0 0.0</Position>
                            <MinValue>-Infinity</MinValue>
                            <MaxValue>Infinity</MaxValue>
                        </Axis>
                    </Component>
                    <Component fileName="733-03_Pied_D80_M16x100" name="733-03_Pied_D80_M16x100-1" wall="False">
                        <ConfigParams configuration="Défaut" fixed="False" visible="True">
                            <AxisValue>0.0</AxisValue>
                            <Transform>
                                <Rotation>0.90068156850973 -1.22639825388853E-16 -0.434479817882088 -0.434479817882088 -3.07285469833503E-17 -0.90068156850973 9.71084967888385E-17 1.0 -8.09611649497516E-17</Rotation>
                                <Translation>7164.99922573022 -1369.5 359.998108305679</Translation>
                                <Scale>1.0</Scale>
                            </Transform>
                        </ConfigParams>
                        <Material>
                            <Diffuse>0.800000011920929 0.800000011920929 0.800000011920929 1.0</Diffuse>
                            <Specular>0.20000000298023224 0.20000000298023224 0.20000000298023224 1.0</Specular>
                            <Shininess>100.0</Shininess>
                        </Material>
                        <Axis method="Computed" type="Fixed">
                            <Direction>0.0 0.0 0.0</Direction>
                            <Position>0.0 0.0 0.0</Position>
                            <MinValue>-Infinity</MinValue>
                            <MaxValue>Infinity</MaxValue>
                        </Axis>
                        <Component fileName="733-03_Pied_D80_M16x100_2" name="733-03_Pied_D80_M16x100_2-1" wall="False">
                            <ConfigParams configuration="Défaut" fixed="False" visible="True">
                                <AxisValue>0.0</AxisValue>
                                <Transform>
                                    <Rotation>0.90068156850973 -1.22639825388853E-16 -0.434479817882088 -0.434479817882088 -3.07285469833503E-17 -0.90068156850973 9.71084967888385E-17 1.0 -8.09611649497516E-17</Rotation>
                                    <Translation>7164.99922573022 -1356.5 359.998108305679</Translation>
                                    <Scale>1.0</Scale>
                                </Transform>
                            </ConfigParams>
                            <Material>
                                <Diffuse>0.800000011920929 0.800000011920929 0.800000011920929 1.0</Diffuse>
                                <Specular>0.20000000298023224 0.20000000298023224 0.20000000298023224 1.0</Specular>
                                <Shininess>100.0</Shininess>
                            </Material>
                            <Axis method="Computed" type="Fixed">
                                <Direction>0.0 0.0 0.0</Direction>
                                <Position>0.0 0.0 0.0</Position>
                                <MinValue>-Infinity</MinValue>
                                <MaxValue>Infinity</MaxValue>
                            </Axis>
                        </Component>
                        <Component fileName="733-03_Pied_D80_M16x100" name="733-03_Pied_D80_M16x100-1" wall="False">
                            <ConfigParams configuration="Défaut" fixed="True" visible="True">
                                <AxisValue>0.0</AxisValue>
                                <Transform>
                                    <Rotation>0.90068156850973 -1.22639825388853E-16 -0.434479817882088 -0.434479817882088 -3.07285469833503E-17 -0.90068156850973 9.71084967888385E-17 1.0 -8.09611649497516E-17</Rotation>
                                    <Translation>7164.99922573022 -1369.5 359.998108305679</Translation>
                                    <Scale>1.0</Scale>
                                </Transform>
                            </ConfigParams>
                            <Material>
                                <Diffuse>0.800000011920929 0.800000011920929 0.800000011920929 1.0</Diffuse>
                                <Specular>0.20000000298023224 0.20000000298023224 0.20000000298023224 1.0</Specular>
                                <Shininess>100.0</Shininess>
                            </Material>
                            <Axis method="Computed" type="Fixed">
                                <Direction>0.0 0.0 0.0</Direction>
                                <Position>0.0 0.0 0.0</Position>
                                <MinValue>-Infinity</MinValue>
                                <MaxValue>Infinity</MaxValue>
                            </Axis>
                        </Component>
                        <Component fileName="733-03_Pied_D80_M16x100_1" name="733-03_Pied_D80_M16x100_1-1" wall="False">
                            <ConfigParams configuration="Défaut" fixed="False" visible="True">
                                <AxisValue>0.0</AxisValue>
                                <Transform>
                                    <Rotation>0.90068156850973 -1.22639825388853E-16 -0.434479817882088 -0.434479817882088 -3.07285469833503E-17 -0.90068156850973 9.71084967888385E-17 1.0 -8.09611649497516E-17</Rotation>
                                    <Translation>7164.99922573022 -1369.5 359.998108305679</Translation>
                                    <Scale>1.0</Scale>
                                </Transform>
                            </ConfigParams>
                            <Material>
                                <Diffuse>0.800000011920929 0.800000011920929 0.800000011920929 1.0</Diffuse>
                                <Specular>0.20000000298023224 0.20000000298023224 0.20000000298023224 1.0</Specular>
                                <Shininess>100.0</Shininess>
                            </Material>
                            <Axis method="Computed" type="Fixed">
                                <Direction>0.0 0.0 0.0</Direction>
                                <Position>0.0 0.0 0.0</Position>
                                <MinValue>-Infinity</MinValue>
                                <MaxValue>Infinity</MaxValue>
                            </Axis>
                        </Component>
                    </Component>
                    <Component fileName="733-03-Renfort_de_fixation_Elcom_8_noir" name="733-03-Renfort_de_fixation_Elcom_8_noir-12" wall="False">
                        <ConfigParams configuration="Défaut" fixed="False" visible="True">
                            <AxisValue>0.0</AxisValue>
                            <Transform>
                                <Rotation>-0.707106781186326 -0.707106781186547 -5.60116679440693E-7 -0.707106781186326 0.707106781186547 -5.60116679221353E-7 7.92124604421314E-7 1.55096232504795E-16 -0.999999999999686</Rotation>
                                <Translation>8027.17259353624 -1220.67279746243 -360.001208745815</Translation>
                                <Scale>1.0</Scale>
                            </Transform>
                        </ConfigParams>
                        <Material>
                            <Diffuse>0.800000011920929 0.800000011920929 0.800000011920929 1.0</Diffuse>
                            <Specular>0.20000000298023224 0.20000000298023224 0.20000000298023224 1.0</Specular>
                            <Shininess>100.0</Shininess>
                        </Material>
                        <Axis method="Computed" type="Fixed">
                            <Direction>0.0 0.0 0.0</Direction>
                            <Position>0.0 0.0 0.0</Position>
                            <MinValue>-Infinity</MinValue>
                            <MaxValue>Infinity</MaxValue>
                        </Axis>
                    </Component>
                    <Component fileName="733-03-Renfort_de_fixation_Elcom_8_noir" name="733-03-Renfort_de_fixation_Elcom_8_noir-13" wall="False">
                        <ConfigParams configuration="Défaut" fixed="False" visible="True">
                            <AxisValue>0.0</AxisValue>
                            <Transform>
                                <Rotation>0.707106781186325 -0.707106781186548 5.60116679318498E-7 0.707106781186326 0.707106781186547 5.60116679440693E-7 -7.92124604493562E-7 -6.20163554057956E-17 0.999999999999686</Rotation>
                                <Translation>7244.82699858333 -1220.67279746243 -360.001828461012</Translation>
                                <Scale>1.0</Scale>
                            </Transform>
                        </ConfigParams>
                        <Material>
                            <Diffuse>0.800000011920929 0.800000011920929 0.800000011920929 1.0</Diffuse>
                            <Specular>0.20000000298023224 0.20000000298023224 0.20000000298023224 1.0</Specular>
                            <Shininess>100.0</Shininess>
                        </Material>
                        <Axis method="Computed" type="Fixed">
                            <Direction>0.0 0.0 0.0</Direction>
                            <Position>0.0 0.0 0.0</Position>
                            <MinValue>-Infinity</MinValue>
                            <MaxValue>Infinity</MaxValue>
                        </Axis>
                    </Component>
                    <Component fileName="733-03-Renfort_de_fixation_Elcom_8_noir" name="733-03-Renfort_de_fixation_Elcom_8_noir-22" wall="False">
                        <ConfigParams configuration="Défaut" fixed="False" visible="True">
                            <AxisValue>0.0</AxisValue>
                            <Transform>
                                <Rotation>-5.60116679326366E-7 0.707106781186547 0.707106781186326 -5.60116679405069E-7 -0.707106781186548 0.707106781186326 0.999999999999686 -5.56516428489073E-17 7.9212460447038E-7</Rotation>
                                <Translation>10912.9997486682 -507.827202537564 -300.171720287684</Translation>
                                <Scale>1.0</Scale>
                            </Transform>
                        </ConfigParams>
                        <Material>
                            <Diffuse>0.800000011920929 0.800000011920929 0.800000011920929 1.0</Diffuse>
                            <Specular>0.20000000298023224 0.20000000298023224 0.20000000298023224 1.0</Specular>
                            <Shininess>100.0</Shininess>
                        </Material>
                        <Axis method="Computed" type="Fixed">
                            <Direction>0.0 0.0 0.0</Direction>
                            <Position>0.0 0.0 0.0</Position>
                            <MinValue>-Infinity</MinValue>
                            <MaxValue>Infinity</MaxValue>
                        </Axis>
                    </Component>
                    <Component fileName="733-03-Renfort_de_fixation_Elcom_8_noir" name="733-03-Renfort_de_fixation_Elcom_8_noir-14" wall="False">
                        <ConfigParams configuration="Défaut" fixed="False" visible="True">
                            <AxisValue>0.0</AxisValue>
                            <Transform>
                                <Rotation>5.60116679405069E-7 0.707106781186548 -0.707106781186326 5.60116679354121E-7 -0.707106781186547 -0.707106781186326 -0.999999999999686 4.75222229668256E-17 -7.92124604506265E-7</Rotation>
                                <Translation>8086.99927312053 -507.827202537564 300.171636121155</Translation>
                                <Scale>1.0</Scale>
                            </Transform>
                        </ConfigParams>
                        <Material>
                            <Diffuse>0.800000011920929 0.800000011920929 0.800000011920929 1.0</Diffuse>
                            <Specular>0.20000000298023224 0.20000000298023224 0.20000000298023224 1.0</Specular>
                            <Shininess>100.0</Shininess>
                        </Material>
                        <Axis method="Computed" type="Fixed">
                            <Direction>0.0 0.0 0.0</Direction>
                            <Position>0.0 0.0 0.0</Position>
                            <MinValue>-Infinity</MinValue>
                            <MaxValue>Infinity</MaxValue>
                        </Axis>
                    </Component>
                    <Component fileName="733-03-_Plaque_de_base_8_80x40_M16_noir" name="733-03-_Plaque_de_base_8_80x40_M16_noir-3" wall="False">
                        <ConfigParams configuration="Défaut" fixed="False" visible="True">
                            <AxisValue>0.0</AxisValue>
                            <Transform>
                                <Rotation>0.999999999999686 -2.14923038398587E-16 7.92124604381365E-7 -7.92124604381365E-7 -1.45283082252682E-16 0.999999999999686 -2.14922923316216E-16 -1.0 -1.45283252498464E-16</Rotation>
                                <Translation>8066.99981190214 -1340.5 -380.001177197696</Translation>
                                <Scale>1.0</Scale>
                            </Transform>
                        </ConfigParams>
                        <Material>
                            <Diffuse>0.800000011920929 0.800000011920929 0.800000011920929 1.0</Diffuse>
                            <Specular>0.20000000298023224 0.20000000298023224 0.20000000298023224 1.0</Specular>
                            <Shininess>100.0</Shininess>
                        </Material>
                        <Axis method="Computed" type="Fixed">
                            <Direction>0.0 0.0 0.0</Direction>
                            <Position>0.0 0.0 0.0</Position>
                            <MinValue>-Infinity</MinValue>
                            <MaxValue>Infinity</MaxValue>
                        </Axis>
                    </Component>
                    <Component fileName="733-03-Renfort_de_fixation_Elcom_8_noir" name="733-03-Renfort_de_fixation_Elcom_8_noir-30" wall="False">
                        <ConfigParams configuration="Défaut" fixed="False" visible="True">
                            <AxisValue>0.0</AxisValue>
                            <Transform>
                                <Rotation>5.60116679326366E-7 -0.707106781186547 -0.707106781186326 5.60116679363435E-7 0.707106781186548 -0.707106781186325 0.999999999999686 -3.28854936382713E-17 7.92124604436876E-7</Rotation>
